Rm	Date	part_5
142	39819	2
142	39819	1
144	39819	2
144	39819	5
144	39819	0
146	39819	4
146	39819	5
146	39819	0
147	39819	2
147	39819	3
158	39819	1
142	39820	0
142	39820	0
142	39820	0
142	39820	0
142	39821	5
142	39821	0
143	39821	3
144	39821	3
144	39821	8
144	39821	10
146	39821	1
146	39821	0
146	39821	1
146	39821	2
146	39821	0
146	39821	0
147	39821	4
147	39821	1
147	39821	8
147	39821	2
147	39822	3
147	39822	22
147	39822	1
147	39822	3
146	39825	8
146	39825	3
146	39825	1
146	39825	2
146	39825	1
146	39825	3
142	39826	3
142	39826	4
142	39826	2
142	39826	1
158	39826	0
142	39828	1
142	39828	9
146	39828	2
146	39828	0
146	39828	0
142	39829	0
142	39829	0
142	39829	0
142	39829	0
143	39829	2
144	39829	6
144	39829	13
144	39829	2
146	39829	1
146	39829	5
146	39829	1
146	39832	2
146	39832	8
146	39832	0
146	39832	5
146	39832	4
146	39832	0
146	39832	2
146	39832	8
146	39832	0
146	39832	5
146	39832	4
146	39832	0
142	39833	2
142	39833	0
142	39833	1
142	39833	1
146	39833	0
146	39833	1
146	39833	0
146	39833	4
146	39833	3
146	39833	1
147	39834	2
147	39834	3
147	39834	12
147	39834	1
158	39834	3
143	39835	1
144	39835	4
144	39835	6
144	39835	5
142	39836	0
142	39836	1
142	39836	0
142	39836	1
143	39836	3
144	39836	4
144	39836	2
144	39836	5
146	39836	1
146	39836	1
146	39836	1
146	39836	2
146	39836	0
146	39836	0
147	39836	0
147	39836	1
147	39836	1
147	39836	1
142	39839	2
142	39839	3
142	39839	1
142	39839	1
142	39839	2
142	39839	0
142	39839	0
142	39839	1
146	39839	1
146	39839	4
146	39839	0
146	39839	3
146	39839	6
146	39839	0
147	39840	1
147	39840	1
147	39840	0
147	39840	0
143	39841	38
144	39841	27
144	39841	112
144	39841	74
146	39841	3
146	39841	3
146	39841	3
146	39841	2
146	39841	1
146	39841	4
147	39841	9
147	39841	3
147	39841	1
147	39841	2
146	39842	3
146	39842	5
146	39842	1
146	39842	5
146	39842	0
146	39842	1
158	39842	1
142	39843	0
142	39843	0
142	39843	1
142	39843	1
142	39843	1
142	39843	3
142	39843	3
142	39843	4
143	39843	3
144	39843	6
144	39843	8
144	39843	16
146	39843	0
146	39843	1
146	39843	0
146	39843	0
146	39843	1
146	39843	1
146	39843	0
146	39843	0
146	39843	0
146	39843	0
146	39843	1
146	39843	1
142	39846	1
142	39846	2
142	39846	0
142	39846	0
142	39847	1
142	39847	0
142	39847	1
142	39847	0
142	39848	0
142	39848	0
142	39848	1
142	39848	1
142	39848	0
142	39848	0
143	39849	2
144	39849	7
144	39849	14
144	39849	6
146	39849	10
146	39849	9
146	39849	7
146	39849	4
146	39849	8
146	39849	3
147	39849	10
147	39849	7
142	39850	1
142	39850	1
142	39850	0
142	39850	3
143	39850	2
144	39850	6
144	39850	16
144	39850	3
147	39850	0
147	39850	1
158	39850	1
142	39853	0
142	39853	0
142	39853	1
142	39853	1
158	39853	1
146	39854	1
146	39854	1
146	39854	1
146	39854	3
146	39854	5
146	39854	1
147	39854	3
147	39854	1
142	39855	0
142	39855	6
142	39855	0
142	39855	2
146	39855	3
146	39855	0
146	39855	2
146	39855	12
146	39855	0
146	39855	1
143	39856	1
144	39856	1
144	39856	13
144	39856	3
146	39856	3
146	39856	2
146	39856	0
146	39856	1
146	39856	0
146	39856	4
147	39856	1
147	39856	5
143	39857	6
144	39857	8
144	39857	18
144	39857	3
146	39857	3
146	39857	5
146	39857	2
146	39857	17
146	39857	8
146	39857	5
146	39860	5
146	39860	1
146	39860	2
146	39860	7
146	39860	0
146	39860	1
147	39861	6
147	39861	2
147	39861	6
147	39861	8
158	39861	4
143	39862	2
144	39862	5
144	39862	3
144	39862	3
146	39862	6
146	39862	4
146	39862	1
146	39862	1
146	39862	2
146	39862	0
142	39863	1
142	39863	2
142	39863	0
142	39863	3
143	39863	6
144	39863	183
144	39863	357
144	39863	90
146	39863	2
146	39863	3
146	39863	0
146	39863	1
146	39863	1
146	39863	3
147	39863	2
147	39863	3
147	39863	2
147	39863	2
142	39864	0
142	39864	0
142	39864	0
142	39864	1
142	39864	0
142	39864	3
142	39864	0
142	39864	0
146	39867	0
146	39867	1
146	39867	1
146	39867	5
146	39867	0
146	39867	0
142	39868	0
142	39868	0
142	39868	1
142	39868	4
146	39868	8
146	39868	20
146	39868	5
146	39868	9
146	39868	15
146	39868	1
142	39869	1
142	39869	0
142	39869	1
142	39869	1
143	39869	2
144	39869	29
144	39869	48
144	39869	35
144	39869	29
144	39869	48
144	39869	35
146	39869	11
146	39869	5
146	39869	0
146	39869	8
146	39869	8
146	39869	5
142	39870	0
142	39870	0
142	39870	0
142	39870	0
146	39870	5
146	39870	2
146	39870	0
146	39870	5
146	39870	3
146	39870	7
147	39870	1
147	39870	1
147	39870	3
142	39871	1
142	39871	0
142	39871	0
142	39871	4
143	39871	5
144	39871	10
144	39871	11
144	39871	9
147	39871	1
147	39871	2
158	39871	0
144	39874	5
144	39874	11
144	39874	5
146	39874	1
146	39874	2
146	39874	0
146	39874	2
146	39874	1
146	39874	2
147	39874	1
147	39874	1
158	39874	2
146	39875	4
146	39875	5
146	39875	3
146	39875	37
146	39875	11
146	39875	16
142	39876	1
142	39876	0
142	39876	1
142	39876	1
143	39876	4
143	39876	4
143	39876	4
146	39876	8
146	39876	4
146	39876	5
146	39876	0
146	39876	7
146	39876	1
146	39876	3
146	39876	0
143	39878	4
144	39878	17
144	39878	14
144	39878	13
147	39878	3
147	39878	1
147	39881	0
147	39881	5
147	39881	2
147	39881	1
147	39882	7
147	39882	0
142	39883	0
142	39883	0
142	39883	0
142	39883	1
143	39883	3
144	39883	8
144	39883	13
144	39883	6
158	39883	5
142	39885	5
142	39885	0
143	39885	6
144	39885	20
144	39885	5
144	39885	8
147	39885	0
147	39885	0
142	39888	0
142	39888	2
142	39888	2
142	39888	1
142	39889	0
142	39889	0
147	39889	2
147	39889	1
147	39889	4
147	39889	3
147	39890	1
147	39890	0
142	39891	8
142	39891	8
142	39891	1
142	39891	3
142	39891	1
142	39891	3
142	39891	8
142	39891	8
143	39891	30
144	39891	60
144	39891	25
144	39891	38
147	39891	7
147	39891	6
143	39892	9
144	39892	4
144	39892	45
144	39892	25
147	39892	3
147	39892	0
147	39892	3
147	39892	4
158	39892	5
146	39895	9
146	39895	11
146	39895	4
146	39895	18
146	39895	19
146	39895	1
147	39895	4
147	39895	0
147	39895	2
147	39895	2
144	39896	6
144	39896	18
144	39896	7
147	39896	1
147	39896	4
147	39896	3
147	39896	0
142	39897	0
142	39897	0
143	39897	3
142	39898	0
142	39898	0
142	39898	0
142	39898	0
142	39898	0
142	39898	2
146	39898	1
146	39898	0
146	39898	0
146	39898	1
146	39898	1
146	39898	0
158	39898	1
146	39899	2
146	39899	1
146	39899	2
146	39899	0
146	39899	0
146	39899	0
147	39902	7
147	39902	3
147	39902	3
147	39902	1
142	39903	5
142	39903	1
143	39903	2
144	39903	3
144	39903	9
144	39903	8
146	39903	0
146	39903	0
146	39903	0
146	39903	3
146	39903	1
146	39903	2
146	39903	3
146	39903	1
146	39903	0
147	39903	3
147	39903	1
142	39905	3
142	39905	2
144	39905	29
144	39905	20
144	39905	7
147	39906	6
147	39906	3
147	39906	5
147	39906	3
158	39906	1
158	39923	12
146	39924	1
146	39924	1
146	39924	1
146	39924	1
146	39924	1
146	39924	0
133	39925	0
142	39925	12
142	39925	44
143	39925	75
144	39925	144
144	39925	1047
144	39925	92
146	39925	22
146	39925	17
146	39925	8
146	39925	7
146	39925	14
146	39925	0
147	39925	82
147	39925	17
147	39925	2
147	39925	9
129	39926	0
142	39926	1
142	39926	10
143	39926	1400
143	39926	1400
144	39926	26
144	39926	70
144	39926	14
146	39926	5
146	39926	10
146	39926	0
146	39926	21
146	39926	35
146	39926	2
147	39926	26
147	39926	22
156	39926	3
146	39927	101
146	39927	106
146	39927	0
146	39927	18
146	39927	22
146	39927	22
147	39927	22
147	39927	20
147	39927	16
147	39927	0
147	39927	0
147	39927	0
147	39927	20
147	39927	0
147	39927	1
147	39927	1
153	39927	0
153	39927	0
133	39930	0
146	39930	70
146	39930	40
146	39930	6
146	39930	213
146	39930	145
146	39930	1
147	39930	125
147	39930	89
146	39931	495
146	39931	211
146	39931	72
146	39931	209
146	39931	83
146	39931	67
147	39931	346
147	39931	534
153	39931	0
156	39931	0
142	39932	5
142	39932	5
143	39932	190
144	39932	317
144	39932	360
144	39932	252
144	39932	207
144	39932	320
144	39932	269
146	39932	47
146	39932	47
146	39932	27
146	39932	438
146	39932	268
146	39932	68
146	39933	579
146	39933	271
146	39933	10
146	39933	86
146	39933	78
146	39933	3
146	39933	579
146	39933	271
146	39933	10
142	39934	0
142	39934	0
143	39934	1073
144	39934	54
144	39934	72
144	39934	17
146	39934	102
146	39934	34
146	39934	3
146	39934	145
146	39934	117
146	39934	8
158	39934	0
129	39935	0
135	39935	0
133	39937	0
142	39938	39
142	39938	16
142	39938	0
142	39938	177
158	39938	33
129	39940	3
142	39940	55
142	39940	39
142	39940	0
142	39940	38
142	39940	24
142	39940	3
143	39941	323
144	39941	0
144	39941	196
144	39941	115
146	39941	334
146	39941	188
146	39941	40
153	39941	0
153	39941	0
156	39941	0
143	39942	24
144	39942	123
144	39942	214
144	39942	65
129	39945	1
133	39945	0
142	39945	56
142	39945	35
144	39945	677
144	39945	981
144	39945	608
146	39945	336
146	39945	212
146	39945	27
146	39945	28
146	39945	32
146	39945	8
153	39945	0
146	39946	90
146	39946	4
146	39946	13
146	39946	166
146	39946	8
146	39946	114
147	39946	175
147	39946	350
146	39947	82
146	39947	36
146	39947	25
146	39947	100
146	39947	32
146	39947	5
146	39947	82
146	39947	36
146	39947	25
146	39947	100
146	39947	32
146	39947	5
147	39947	242
147	39947	202
153	39947	0
156	39947	34
158	39947	23
129	39948	0
135	39948	0
156	39948	1
142	39949	13
142	39949	9
143	39949	40
144	39949	35
144	39949	122
144	39949	47
129	39951	0
135	39951	0
156	39951	4
142	39952	23
142	39952	5
143	39952	1969
144	39952	39
144	39952	88
144	39952	52
129	39953	0
133	39953	0
153	39953	1
133	39954	0
133	39954	0
146	39954	197
146	39954	116
146	39954	36
146	39954	84
146	39954	33
146	39954	21
147	39954	199
147	39954	80
147	39954	97
147	39954	43
153	39954	0
158	39954	206
135	39955	0
142	39955	23
142	39955	13
143	39955	83
144	39955	63
144	39955	338
144	39955	166
153	39955	0
156	39955	0
158	39955	16
129	39959	0
129	39959	0
135	39959	0
146	39959	723
146	39959	160
146	39959	34
147	39959	42
147	39959	26
147	39959	143
147	39959	47
156	39959	0
129	39961	0
133	39961	0
142	39961	19
142	39961	4
143	39961	32
144	39961	59
144	39961	70
144	39961	35
146	39961	30
146	39961	21
146	39961	11
153	39961	0
158	39961	116
133	39962	0
135	39962	0
142	39962	15
142	39962	11
143	39962	12
144	39962	18
144	39962	60
144	39962	45
146	39962	49
146	39962	0
146	39962	2
147	39962	25
147	39962	9
156	39962	7
158	39962	21
135	39963	0
129	39965	6
135	39965	0
147	39965	117
147	39965	0
147	39965	0
147	39965	0
147	39965	101
147	39965	0
147	39965	1
156	39965	0
147	39966	213
147	39966	0
147	39966	0
147	39966	42
147	39966	0
147	39966	0
129	39967	0
133	39967	0
146	39967	310
146	39967	97
146	39967	55
146	39967	218
146	39967	118
146	39967	42
153	39967	0
133	39968	0
142	39968	3
142	39968	3
143	39968	1858
144	39968	5
144	39968	18
144	39968	16
146	39968	140
146	39968	10
146	39968	9
146	39968	29
146	39968	31
146	39968	1
147	39968	104
147	39968	0
147	39968	0
153	39968	0
158	39968	25
135	39969	0
146	39969	268
146	39969	232
146	39969	684
146	39969	370
146	39969	153
146	39969	70
147	39969	225
147	39969	49
147	39969	58
147	39969	18
156	39969	2
158	39969	81
142	39970	33
142	39970	152
143	39970	75
144	39970	33
144	39970	11
144	39970	301
135	39972	1
146	39972	80
146	39972	104
146	39972	22
146	39972	77
146	39972	9
146	39972	39
147	39972	177
147	39972	0
147	39972	1
147	39972	0
147	39972	126
147	39972	0
147	39972	0
147	39972	0
147	39972	145
147	39972	3
147	39972	3
147	39972	150
147	39972	0
147	39972	0
156	39972	1
158	39972	64
129	39973	0
135	39973	0
146	39973	77
146	39973	93
146	39973	28
146	39973	258
146	39973	45
146	39973	17
147	39973	329
147	39973	386
156	39973	0
142	39974	31
142	39974	17
143	39974	103
144	39974	132
144	39974	295
144	39974	53
129	39975	0
133	39975	0
142	39975	0
142	39975	15
142	39975	8
142	39975	4
142	39975	15
142	39975	22
142	39975	22
142	39975	12
142	39975	34
142	39975	78
153	39975	0
133	39976	0
146	39976	113
146	39976	55
146	39976	25
146	39976	43
146	39976	2
146	39976	64
147	39976	103
147	39976	28
147	39976	200
147	39976	67
147	39976	92
147	39976	46
147	39976	15
147	39976	11
153	39976	0
158	39976	2
143	39977	148
144	39977	50
144	39977	35
144	39977	23
133	39979	0
146	39979	82
146	39979	78
146	39979	5
146	39979	192
146	39979	13
146	39979	17
147	39979	70
147	39979	55
147	39979	67
147	39979	63
153	39979	0
158	39979	83
135	39980	0
144	39980	105
144	39980	120
144	39980	66
146	39980	79
146	39980	47
146	39980	22
146	39980	57
146	39980	38
146	39980	15
147	39980	85
147	39980	68
147	39980	2
147	39980	1
158	39980	48
129	39981	0
135	39981	0
143	39981	202
146	39981	258
146	39981	42
146	39981	89
146	39981	106
146	39981	20
146	39981	16
147	39981	342
147	39981	17
147	39981	54
147	39981	41
156	39981	0
146	39982	153
146	39982	59
146	39982	43
146	39982	14
146	39982	126
146	39982	18
147	39982	79
147	39982	0
147	39982	0
147	39982	141
147	39982	0
147	39982	3
147	39982	0
147	39982	68
147	39982	58
147	39982	101
147	39982	78
156	39982	4
129	39983	0
133	39983	0
147	39983	170
147	39983	40
147	39983	33
147	39983	33
153	39983	0
142	39984	8
142	39984	16
143	39984	29
144	39984	73
144	39984	341
144	39984	175
129	39986	0
129	39986	0
133	39986	0
133	39986	0
142	39986	54
142	39986	6
143	39986	121
146	39986	33
146	39986	26
146	39986	8
146	39986	36
146	39986	18
146	39986	9
147	39986	118
147	39986	70
147	39986	21
147	39986	47
153	39986	1
153	39986	1
133	39987	0
144	39987	38
144	39987	107
144	39987	51
147	39987	61
147	39987	7
147	39987	5
147	39987	5
147	39987	58
147	39987	30
147	39987	95
147	39987	17
153	39987	0
158	39987	77
135	39988	0
147	39988	300
147	39988	60
147	39988	60
147	39988	82
156	39988	0
129	39989	0
135	39989	0
143	39989	163
144	39989	414
144	39989	340
144	39989	139
146	39989	162
146	39989	96
146	39989	24
146	39989	156
146	39989	15
146	39989	117
146	39989	162
146	39989	74
146	39989	27
156	39989	0
158	39989	0
142	39990	1
142	39990	3
146	39990	84
146	39990	216
146	39990	49
147	39990	153
147	39990	59
147	39990	0
147	39990	0
147	39990	117
147	39990	35
147	39990	0
147	39990	1
146	39993	58
146	39993	18
146	39993	160
146	39993	101
146	39993	37
146	39993	9
146	39993	14
146	39993	34
146	39993	1
146	39993	58
146	39993	47
146	39993	16
147	39993	54
147	39993	68
147	39993	12
147	39993	13
133	39994	0
146	39994	485
146	39994	398
146	39994	93
146	39994	80
146	39994	25
146	39994	22
129	39995	0
133	39995	0
135	39995	1
142	39995	3
142	39995	8
143	39995	78
144	39995	102
144	39995	169
144	39995	68
147	39995	58
147	39995	14
153	39995	1
156	39995	1
158	39995	3
129	39996	0
142	39996	16
142	39996	0
143	39996	6
144	39996	54
144	39996	72
144	39996	17
156	39996	4
158	39996	18
147	40000	165
147	40000	125
147	40000	53
147	40000	27
129	40001	0
133	40001	0
146	40001	289
146	40001	201
146	40001	14
146	40001	59
146	40001	114
146	40001	1
153	40001	12
133	40002	0
142	40002	0
142	40002	0
143	40002	15
144	40002	8
144	40002	26
144	40002	10
153	40002	0
158	40002	40
146	40003	92
146	40003	39
146	40003	9
146	40003	77
146	40003	144
146	40003	8
156	40003	0
158	40003	97
129	40004	0
133	40004	0
135	40004	0
142	40004	8
142	40004	11
143	40004	276
144	40004	81
144	40004	130
144	40004	89
147	40004	40
147	40004	34
156	40004	2
129	40007	0
135	40007	0
147	40007	44
147	40007	63
147	40007	83
147	40007	52
156	40007	0
142	40008	30
142	40008	24
142	40008	25
142	40008	22
129	40009	0
133	40009	0
153	40009	1
143	40010	135
146	40010	248
146	40010	111
146	40010	72
158	40010	98
135	40011	0
156	40011	0
158	40011	18
142	40012	47
142	40012	18
143	40012	117
144	40012	100
144	40012	234
144	40012	72
146	40012	107
146	40012	101
146	40012	7
135	40014	0
156	40014	0
129	40016	3
142	40016	38
142	40016	55
142	40016	14
142	40016	46
133	40017	0
153	40017	0
133	40018	0
142	40018	12
142	40018	43
143	40018	39
144	40018	32
144	40018	6
144	40018	483
146	40018	23
146	40018	2
146	40018	8
147	40018	21
147	40018	32
153	40018	2
158	40018	6
144	40019	9
144	40019	45
144	40019	49
146	40019	25
146	40019	0
146	40019	1
147	40019	58
147	40019	55
129	40021	0
135	40021	0
147	40021	41
147	40021	28
147	40021	84
147	40021	51
156	40021	3
135	40022	0
142	40022	19
142	40022	34
142	40022	23
142	40022	67
143	40022	68
144	40022	184
144	40022	334
144	40022	232
146	40022	271
146	40022	159
146	40022	3
156	40022	0
158	40022	187
133	40023	0
153	40023	0
129	40024	0
142	40024	98
142	40024	115
142	40024	14
142	40024	54
143	40024	73
144	40024	151
144	40024	1001
144	40024	663
147	40024	168
147	40024	152
147	40024	270
147	40024	157
133	40025	0
153	40025	0
133	40028	0
142	40028	20
142	40028	38
143	40028	271
144	40028	144
144	40028	226
144	40028	95
153	40028	0
158	40028	28
129	40029	0
135	40029	0
146	40029	310
146	40029	91
146	40029	15
147	40029	198
147	40029	153
147	40029	157
147	40029	189
156	40029	4
135	40030	0
142	40030	11
142	40030	74
143	40030	111
144	40030	123
144	40030	885
144	40030	879
146	40030	90
146	40030	7
146	40030	2
146	40030	79
146	40030	45
146	40030	1
156	40030	2
158	40030	6
129	40031	0
133	40032	0
153	40032	0
142	40035	6
142	40035	6
143	40035	593
144	40035	111
144	40035	98
144	40035	56
146	40035	50
146	40035	52
146	40035	13
146	40035	53
146	40035	32
146	40035	17
142	40037	0
142	40037	2
143	40037	9
144	40037	9
144	40037	34
144	40037	7
146	40037	7
146	40037	10
146	40037	3
146	40037	12
146	40037	15
146	40037	2
135	40038	0
146	40038	112
146	40038	128
146	40038	10
146	40038	134
146	40038	33
146	40038	19
156	40038	0
158	40038	139
147	40039	133
147	40039	75
147	40039	60
147	40039	32
147	40039	2
147	40039	1
156	40039	1
129	40042	0
146	40042	56
146	40042	25
146	40042	10
146	40042	51
146	40042	1
146	40042	1
133	40043	0
146	40043	14
146	40043	4
146	40043	13
146	40043	15
146	40043	13
146	40043	2
153	40043	0
133	40044	0
142	40044	0
142	40044	1
143	40044	30
144	40044	23
144	40044	28
144	40044	33
146	40044	67
146	40044	76
146	40044	119
146	40044	10
146	40044	4
146	40044	7
153	40044	0
158	40044	12
129	40045	0
135	40045	0
147	40045	120
147	40045	32
147	40045	59
147	40045	9
156	40045	0
135	40046	0
142	40046	5
142	40046	6
143	40046	120
144	40046	42
144	40046	57
144	40046	14
156	40046	3
158	40046	8
135	40049	0
147	40049	147
147	40049	58
147	40049	68
147	40049	45
156	40049	0
158	40049	11
129	40050	0
146	40050	199
146	40050	123
146	40050	5
146	40050	101
146	40050	146
146	40050	10
133	40051	6
142	40051	32
142	40051	17
144	40051	9
144	40051	55
144	40051	13
146	40051	93
146	40051	49
146	40051	13
146	40051	66
146	40051	27
146	40051	6
153	40051	2
133	40052	1
142	40052	15
142	40052	10
142	40052	8
142	40052	8
143	40052	321
144	40052	86
144	40052	42
144	40052	162
153	40052	0
158	40052	15
135	40053	0
143	40053	15
156	40053	1
135	40056	0
142	40056	0
142	40056	5
143	40056	89
144	40056	24
144	40056	131
144	40056	178
146	40056	95
146	40056	39
146	40056	23
146	40056	100
146	40056	3
146	40056	0
156	40056	2
158	40056	69
135	40057	0
142	40057	12
142	40057	30
142	40057	2
144	40057	346
144	40057	380
144	40057	480
146	40057	1
147	40057	1
147	40057	82
147	40057	14
147	40057	166
147	40057	167
156	40057	0
129	40058	0
133	40058	5
146	40058	9
146	40058	3
146	40058	1
146	40058	10
146	40058	1
146	40058	7
158	40058	41
133	40059	0
146	40059	51
146	40059	21
146	40059	53
146	40059	21
146	40059	17
146	40059	1
153	40059	0
129	40060	0
143	40060	15
146	40060	42
146	40060	14
146	40060	7
146	40060	81
146	40060	34
146	40060	1
147	40060	70
147	40060	50
147	40060	62
147	40060	43
153	40060	3
135	40064	0
146	40064	42
146	40064	33
146	40064	22
146	40064	9
146	40064	2
146	40064	3
147	40064	23
147	40064	14
147	40064	22
147	40064	7
156	40064	0
129	40065	0
135	40065	0
142	40065	79
142	40065	46
142	40065	12
142	40065	7
143	40065	72
144	40065	311
144	40065	380
144	40065	209
146	40065	262
146	40065	213
146	40065	23
146	40065	209
146	40065	245
146	40065	25
156	40065	0
158	40065	16
133	40066	0
146	40066	128
146	40066	58
146	40066	130
146	40066	30
146	40066	11
146	40066	0
147	40066	11
147	40066	3
147	40066	6
147	40066	2
158	40066	2
129	40067	0
133	40067	0
142	40067	0
142	40067	1
143	40067	25
144	40067	75
144	40067	39
144	40067	13
147	40067	132
147	40067	34
147	40067	95
147	40067	98
147	40068	59
147	40068	36
147	40068	72
147	40068	31
129	40070	0
142	40070	13
142	40070	22
143	40070	25
144	40070	35
144	40070	42
144	40070	24
146	40070	8
146	40070	13
146	40070	6
146	40070	4
146	40070	4
146	40070	4
153	40070	0
135	40071	0
143	40071	231
144	40071	397
144	40071	1005
144	40071	343
147	40071	213
147	40071	63
147	40071	67
147	40071	61
156	40071	1
135	40072	0
146	40072	17
146	40072	19
146	40072	2
146	40072	11
146	40072	14
146	40072	4
147	40072	110
147	40072	80
147	40072	113
147	40072	50
156	40072	0
158	40072	16
129	40073	0
133	40073	0
146	40073	89
146	40073	54
146	40073	14
146	40073	123
146	40073	69
146	40073	4
147	40073	113
147	40073	56
147	40073	1
147	40073	1
158	40073	78
133	40074	0
146	40074	130
146	40074	82
146	40074	55
146	40074	243
146	40074	81
146	40074	51
153	40074	0
133	40077	0
146	40077	60
146	40077	80
146	40077	54
146	40077	91
146	40077	53
146	40077	14
153	40077	0
153	40077	0
156	40077	0
129	40078	0
142	40078	18
142	40078	19
142	40078	49
142	40078	49
143	40078	72
144	40078	150
144	40078	286
144	40078	1737
147	40078	277
147	40078	89
153	40078	0
135	40079	0
142	40079	2
142	40079	2
143	40079	150
144	40079	142
144	40079	1
144	40079	190
147	40079	9
147	40079	11
147	40079	50
147	40079	8
153	40079	0
135	40080	0
146	40080	825
146	40080	475
146	40080	116
146	40080	115
146	40080	127
146	40080	0
156	40080	2
158	40080	143
146	40081	82
146	40081	90
146	40081	15
146	40081	103
146	40081	30
146	40081	1
129	40084	0
133	40084	0
146	40084	193
146	40084	75
146	40084	10
146	40084	69
146	40084	32
146	40084	15
158	40084	21
146	40085	605
146	40085	206
146	40085	21
146	40085	111
146	40085	23
146	40085	133
129	40086	0
142	40086	2
142	40086	9
142	40086	7
142	40086	10
147	40086	80
147	40086	58
147	40086	6
147	40086	0
153	40086	0
135	40087	0
142	40087	5
142	40087	2
143	40087	2
144	40087	19
144	40087	7
144	40087	23
147	40087	88
147	40087	21
147	40087	81
147	40087	36
153	40087	2
133	40088	0
135	40088	0
143	40088	69
144	40088	24
144	40088	19
144	40088	3
158	40088	5
156	40089	1
135	40091	0
147	40091	20
147	40091	53
147	40091	18
147	40091	37
156	40091	0
158	40091	19
129	40092	0
133	40092	0
158	40092	6
133	40093	0
147	40093	77
147	40093	28
147	40093	117
147	40093	39
156	40093	0
129	40094	0
142	40094	1
142	40094	4
143	40094	17
144	40094	44
144	40094	259
144	40094	87
146	40094	38
146	40094	13
146	40094	4
147	40094	39
147	40094	49
147	40094	12
147	40094	3
153	40094	0
135	40095	0
142	40095	1
142	40095	0
142	40095	1
143	40095	113
144	40095	225
144	40095	38
144	40095	270
146	40095	41
146	40095	33
146	40095	38
147	40095	152
147	40095	85
147	40095	2
147	40095	1
153	40095	0
135	40098	0
153	40098	0
135	40099	0
147	40099	32
147	40099	40
147	40099	84
147	40099	86
156	40099	2
158	40099	166
129	40100	0
133	40100	0
142	40100	78
142	40100	10
143	40100	67
144	40100	577
144	40100	1449
144	40100	917
146	40100	615
146	40100	206
146	40100	109
158	40100	47
133	40101	0
147	40101	277
147	40101	63
147	40101	103
147	40101	64
156	40101	0
129	40102	0
142	40102	1
143	40102	18
144	40102	27
144	40102	58
144	40102	105
146	40102	5
146	40102	6
146	40102	0
153	40102	0
129	40105	0
153	40105	0
135	40106	0
142	40106	1
142	40106	6
143	40106	213
144	40106	206
144	40106	587
144	40106	332
146	40106	255
146	40106	231
146	40106	18
146	40106	150
146	40106	93
146	40106	6
153	40106	0
135	40107	0
143	40107	323
144	40107	60
144	40107	160
144	40107	42
146	40107	41
146	40107	42
146	40107	47
146	40107	117
146	40107	66
146	40107	38
156	40107	0
158	40107	6
133	40108	0
147	40108	5
147	40108	7
147	40108	19
147	40108	18
156	40108	0
158	40108	24
127	40109	0
129	40109	0
133	40109	0
127	40112	0
133	40112	0
147	40112	63
147	40112	20
147	40112	102
147	40112	64
156	40112	1
129	40113	0
142	40113	1
142	40113	0
143	40113	5
144	40113	33
144	40113	25
144	40113	20
146	40113	36
146	40113	17
146	40113	8
146	40113	13
146	40113	8
146	40113	37
153	40113	0
135	40114	0
142	40114	7
142	40114	0
142	40114	26
142	40114	12
156	40114	0
143	40115	99
144	40115	157
144	40115	294
144	40115	103
146	40115	39
146	40115	48
146	40115	20
147	40115	27
147	40115	38
147	40115	94
147	40115	131
129	40116	1
133	40116	0
158	40116	91
133	40119	0
158	40119	36
129	40120	0
131	40120	14
147	40120	92
147	40120	48
147	40120	122
147	40120	137
153	40120	0
147	40121	31
147	40121	24
147	40121	61
147	40121	99
156	40121	0
133	40122	0
135	40122	0
142	40122	0
142	40122	2
143	40122	25
144	40122	1
144	40122	12
144	40122	16
146	40122	14
146	40122	4
146	40122	9
147	40122	21
147	40122	17
147	40122	45
147	40122	56
156	40122	0
129	40123	2
135	40123	0
142	40123	0
142	40123	1
143	40123	12
144	40123	12
144	40123	30
144	40123	7
146	40123	6
146	40123	0
146	40123	0
153	40123	1
158	40123	14
129	40126	0
158	40126	7
133	40127	0
143	40127	310
144	40127	327
144	40127	920
144	40127	271
146	40127	600
146	40127	312
146	40127	37
147	40127	291
147	40127	177
158	40127	291
143	40128	4
144	40128	483
144	40128	437
144	40128	54
146	40128	16
146	40128	3
146	40128	2
147	40128	4
147	40128	0
156	40128	7
127	40129	0
133	40129	0
153	40129	0
129	40130	1
135	40130	0
147	40130	11
147	40130	12
156	40130	0
133	40133	0
135	40133	0
156	40133	4
129	40134	0
131	40134	0
135	40134	0
142	40134	18
142	40134	32
143	40134	97
144	40134	115
144	40134	289
144	40134	181
158	40134	0
131	40135	6
133	40135	2
142	40135	11
142	40135	5
143	40135	31
144	40135	60
144	40135	129
144	40135	46
146	40135	103
146	40135	21
146	40135	7
146	40135	245
146	40135	183
146	40135	18
147	40135	47
147	40135	22
153	40135	0
158	40135	4
127	40136	0
146	40136	2
146	40136	3
146	40136	1
146	40136	70
146	40136	39
146	40136	17
147	40136	120
147	40136	62
147	40136	82
147	40136	51
156	40136	6
129	40137	2
146	40137	85
146	40137	41
146	40137	76
146	40137	4
146	40137	0
146	40137	0
147	40137	23
147	40137	26
147	40137	34
147	40137	23
153	40137	0
142	40140	21
142	40140	75
142	40140	54
142	40140	28
143	40140	2
144	40140	82
144	40140	203
144	40140	41
146	40140	40
146	40140	6
146	40140	19
147	40140	7
147	40140	13
153	40140	0
156	40140	2
127	40141	1
133	40141	0
135	40141	0
129	40142	0
131	40142	0
142	40142	1
142	40142	0
143	40142	5
144	40142	4
144	40142	0
144	40142	18
146	40142	11
146	40142	4
146	40142	1
147	40142	9
147	40142	2
158	40142	16
127	40147	0
133	40147	0
142	40147	2
146	40147	2
147	40147	3
158	40147	0
127	40148	5
133	40148	0
156	40148	5
127	40149	0
129	40149	0
131	40149	1
142	40149	0
142	40149	3
143	40149	471
144	40149	94
144	40149	123
144	40149	160
146	40149	251
146	40149	253
146	40149	43
146	40149	400
146	40149	181
146	40149	100
147	40149	57
147	40149	47
153	40149	0
127	40150	0
131	40150	0
135	40150	0
142	40150	7
142	40150	4
144	40150	84
144	40150	219
144	40150	79
146	40150	48
146	40150	3
146	40150	14
147	40150	88
147	40150	48
147	40150	92
147	40150	114
153	40150	0
129	40151	1
135	40151	0
143	40151	85
156	40151	1
158	40151	0
127	40154	0
129	40154	0
135	40154	2
158	40154	8
127	40156	0
131	40156	1
142	40156	8
142	40156	67
143	40156	8
144	40156	79
144	40156	322
144	40156	60
146	40156	84
146	40156	30
146	40156	13
147	40156	41
147	40156	33
156	40156	9
127	40157	0
129	40157	0
133	40157	0
153	40157	0
131	40158	0
135	40158	0
142	40158	2
142	40158	3
143	40158	48
144	40158	58
144	40158	122
144	40158	84
146	40158	17
146	40158	2
146	40158	5
147	40158	212
147	40158	108
147	40158	126
147	40158	143
156	40158	1
131	40161	0
135	40161	0
146	40161	90
146	40161	28
146	40161	18
146	40161	12
146	40161	8
146	40161	0
156	40161	0
129	40162	22
135	40162	0
142	40162	14
142	40162	19
143	40162	151
144	40162	229
144	40162	690
144	40162	307
146	40162	672
146	40162	158
146	40162	136
158	40162	0
133	40163	0
147	40163	189
147	40163	70
153	40163	2
158	40163	25
142	40164	2
142	40164	0
143	40164	6
144	40164	123
144	40164	56
144	40164	59
129	40165	0
133	40165	0
153	40165	1
133	40168	0
142	40168	2
142	40168	25
143	40168	62
144	40168	157
144	40168	518
144	40168	229
127	40169	0
131	40169	0
135	40169	0
142	40169	2
142	40169	3
143	40169	10
144	40169	87
144	40169	20
144	40169	18
129	40170	0
158	40170	5
127	40176	4
129	40176	5
131	40176	0
133	40176	1
135	40176	1
142	40176	27
142	40176	5
143	40176	104
144	40176	230
144	40176	378
144	40176	355
146	40176	171
146	40176	305
146	40176	134
147	40176	57
147	40176	40
158	40176	140
