Rm Date	TYMC
119	39819	0
119	39819	0
160	39819	0
160	39819	0
160	39819	0
160	39819	0
161	39819	0
161	39819	0
161	39819	0
161	39819	0
161	39819	0
161	39819	0
161	39819	0
161	39819	0
161	39819	0
161	39819	0
136	39821	0
130	39822	1
132	39822	0
133	39822	0
137	39822	0
141	39822	0
141	39822	0
141	39825	0
141	39825	0
119	39826	0
119	39826	0
130	39828	0
132	39828	0
133	39828	0
137	39828	0
136	39829	0
153	39829	0
154	39829	0
156	39829	0
136	39832	0
153	39832	0
154	39832	0
156	39832	0
135	39833	0
141	39833	0
141	39833	0
119	39834	0
119	39834	0
160	39835	0
160	39835	0
160	39835	0
160	39835	0
161	39835	0
161	39835	0
161	39835	0
161	39835	0
161	39835	0
161	39835	0
161	39835	0
161	39835	0
161	39835	0
161	39835	0
130	39836	0
132	39836	0
133	39836	0
137	39836	0
130	39839	0
132	39839	0
133	39839	0
137	39839	0
136	39840	0
153	39840	0
154	39840	0
156	39840	0
119	39842	0
119	39842	0
134	39843	0
135	39843	0
141	39843	0
141	39843	0
148	39843	0
148	39843	0
148	39843	0
148	39843	0
160	39843	0
160	39843	0
160	39843	0
160	39843	0
160	39843	0
160	39843	0
160	39843	0
160	39843	0
161	39843	0
161	39843	0
161	39843	0
161	39843	0
161	39843	0
161	39843	0
161	39843	0
161	39843	0
161	39843	0
161	39843	0
160	39846	0
160	39846	0
160	39846	0
160	39846	0
161	39846	0
161	39846	0
161	39846	0
161	39846	0
161	39846	0
161	39846	1
161	39846	0
161	39846	0
161	39846	0
161	39846	0
130	39847	0
132	39847	0
133	39847	0
137	39847	0
161	39847	0
161	39847	0
161	39847	0
161	39847	0
161	39847	0
161	39847	0
161	39847	0
161	39847	0
161	39847	0
161	39847	0
136	39848	0
153	39848	0
154	39848	0
156	39848	0
134	39849	0
135	39849	0
141	39849	0
141	39849	0
119	39850	1
119	39850	0
119	39853	0
119	39853	0
136	39856	0
153	39856	0
154	39856	0
156	39856	0
130	39857	1
132	39857	0
133	39857	0
134	39857	0
135	39857	0
137	39857	0
141	39857	0
141	39857	0
134	39860	0
135	39860	0
141	39860	0
141	39860	0
119	39861	0
119	39861	0
130	39861	0
132	39863	0
133	39863	0
137	39863	0
136	39864	0
148	39864	0
148	39864	0
148	39864	0
148	39864	0
153	39864	0
154	39864	0
156	39864	0
160	39864	0
160	39864	0
160	39864	0
160	39864	0
161	39864	0
161	39864	0
161	39864	0
161	39864	0
161	39864	0
161	39864	0
161	39864	0
161	39864	0
161	39864	0
161	39864	0
130	39867	0
130	39867	0
132	39867	0
133	39867	0
137	39867	0
136	39868	0
153	39868	0
154	39868	0
156	39868	0
130	39869	0
160	39870	0
160	39870	0
160	39870	1
160	39870	0
161	39870	0
161	39870	0
161	39870	0
161	39870	0
161	39870	0
161	39870	0
161	39870	0
161	39870	0
161	39870	0
161	39870	0
119	39871	0
119	39871	0
141	39871	0
141	39871	0
130	39874	0
132	39876	0
137	39876	0
134	39877	0
135	39877	0
141	39877	0
141	39877	0
136	39878	0
148	39878	0
148	39878	0
148	39878	0
156	39878	0
160	39878	0
160	39878	0
160	39878	0
160	39878	0
161	39878	0
161	39878	0
161	39878	0
161	39878	0
161	39878	0
161	39878	0
161	39878	0
161	39878	0
161	39878	0
161	39878	0
160	39881	0
160	39881	0
160	39881	0
160	39881	0
161	39881	1
161	39881	0
161	39881	0
161	39881	0
161	39881	0
161	39881	0
161	39881	0
161	39881	0
161	39881	0
161	39881	0
119	39883	0
119	39883	0
136	39884	0
153	39884	0
154	39884	0
156	39884	0
130	39885	0
132	39885	0
133	39885	0
134	39885	0
135	39885	0
137	39885	0
141	39885	0
141	39885	0
134	39888	0
135	39888	0
148	39890	0
148	39890	0
148	39890	0
148	39890	0
160	39890	0
160	39890	0
160	39890	0
160	39890	0
161	39890	0
161	39890	0
161	39890	0
161	39890	0
161	39890	0
161	39890	0
161	39890	0
161	39890	0
161	39890	0
161	39890	0
132	39891	0
133	39891	0
137	39891	0
119	39892	0
119	39892	0
136	39892	0
153	39892	0
154	39892	0
156	39892	0
136	39895	0
141	39895	0
141	39895	0
153	39895	0
154	39895	0
156	39895	0
134	39896	0
135	39896	0
141	39896	0
141	39896	0
119	39898	1
119	39898	0
130	39899	1
132	39899	0
133	39899	0
137	39899	0
130	39902	0
130	39902	0
132	39902	0
133	39902	0
137	39902	0
136	39903	0
153	39903	0
154	39903	0
156	39903	0
119	39906	0
119	39906	0
141	39906	0
141	39906	0
160	39906	0
160	39906	0
160	39906	0
160	39906	0
161	39906	1
161	39906	0
161	39906	0
161	39906	0
161	39906	0
161	39906	0
161	39906	0
161	39906	0
161	39906	0
161	39906	0
119	39913	0
119	39913	0
119	39913	0
119	39913	0
141	39913	0
141	39913	0
141	39913	8
141	39913	1
119	39923	0
119	39923	0
148	39923	0
130	39925	0
132	39925	0
133	39925	0
137	39925	0
137	39925	0
147B	39925	0
147B	39925	0
141	39926	0
141	39926	0
136	39927	0
136	39927	0
138	39927	0
138	39927	0
139	39927	0
139	39927	0
140	39927	0
140	39927	0
150	39927	0
150	39927	0
151	39927	0
151	39927	0
160	39927	0
160	39927	0
160	39927	0
161	39927	0
161	39927	0
161	39927	0
161	39927	0
164	39927	0
164	39927	0
164	39927	0
164	39927	0
164	39927	0
164	39927	0
164	39927	0
164	39927	0
164	39927	0
164	39927	0
164	39927	0
164	39927	0
164	39927	0
164	39927	0
164	39927	0
130	39930	0
132	39930	0
133	39930	0
136	39930	0
136	39930	0
137	39930	0
137	39930	0
164	39930	0
164	39930	0
164	39930	0
164	39930	0
164	39930	0
164	39930	0
164	39930	0
164	39930	0
164	39930	0
164	39930	0
164	39931	0
164	39931	0
164	39931	0
164	39931	0
164	39931	0
164	39931	0
164	39931	0
164	39931	0
164	39931	0
164	39931	0
160	39933	0
160	39933	0
160	39933	1
161	39933	0
161	39933	0
161	39933	0
161	39933	0
162	39933	0
162	39933	0
162	39933	0
163	39933	0
163	39933	0
163	39933	0
163	39933	0
163	39933	0
163	39933	0
164	39933	0
164	39933	0
164	39933	0
164	39933	0
164	39933	0
164	39933	0
164	39933	0
164	39933	0
164	39933	0
164	39933	0
147B	39933	0
147B	39933	0
119	39934	0
119	39934	0
119	39934	0
119	39934	0
141	39934	0
141	39934	0
164	39934	0
164	39934	0
164	39934	0
164	39934	0
164	39934	0
164	39934	0
164	39934	0
164	39934	0
164	39934	0
164	39934	0
130	39937	0
132	39937	0
133	39937	0
137	39937	26
137	39937	0
141	39940	0
141	39940	0
136	39941	0
136	39941	0
138	39941	0
138	39941	2
139	39941	0
139	39941	0
140	39941	0
140	39941	0
150	39941	0
150	39941	0
151	39941	0
151	39941	0
160	39941	0
160	39941	0
160	39941	0
161	39941	0
161	39941	0
161	39941	0
161	39941	0
162	39941	0
162	39941	0
162	39941	0
163	39941	0
163	39941	0
163	39941	0
163	39941	0
163	39941	0
163	39941	0
164	39941	0
164	39941	0
164	39941	0
164	39941	0
164	39941	0
147B	39941	0
147B	39941	0
119	39944	0
119	39944	0
138	39944	0
138	39944	0
139	39944	0
139	39944	0
140	39944	0
140	39944	0
150	39944	0
150	39944	0
151	39944	0
151	39944	0
160	39944	0
160	39944	0
160	39944	0
161	39944	0
161	39944	0
161	39944	0
161	39944	0
162	39944	0
162	39944	0
162	39944	0
163	39944	0
163	39944	0
163	39944	0
163	39944	0
163	39944	0
164	39944	0
164	39944	0
164	39944	0
164	39944	0
164	39944	0
147B	39944	0
147B	39944	0
119	39945	0
119	39945	0
130	39945	0
132	39945	0
133	39945	0
136	39945	0
136	39945	0
137	39945	0
137	39945	0
164	39945	0
164	39945	0
164	39945	0
164	39945	0
164	39945	0
164	39945	0
164	39945	0
164	39945	0
164	39945	0
164	39945	0
164	39946	0
164	39946	0
164	39946	0
164	39946	0
164	39946	0
164	39946	0
164	39946	0
164	39946	0
164	39946	0
164	39946	0
164	39947	0
164	39947	0
164	39947	0
164	39947	0
164	39947	0
164	39947	0
164	39947	0
164	39947	0
164	39947	0
164	39947	0
164	39947	0
164	39947	0
164	39947	0
164	39947	0
164	39947	0
130	39948	0
141	39948	0
141	39948	0
141	39948	0
141	39948	0
130	39951	0
141	39951	0
141	39951	0
138	39952	0
138	39952	0
139	39952	0
139	39952	0
140	39952	0
140	39952	0
150	39952	0
150	39952	0
151	39952	0
151	39952	0
160	39952	0
160	39952	0
160	39952	0
161	39952	0
161	39952	0
161	39952	0
161	39952	0
162	39952	0
162	39952	0
162	39952	0
163	39952	0
163	39952	0
163	39952	0
163	39952	0
163	39952	0
163	39952	0
147B	39952	0
147B	39952	0
130	39953	0
132	39953	0
133	39953	0
136	39953	0
136	39953	0
137	39953	0
137	39953	0
132	39954	0
132	39954	0
133	39954	0
133	39954	0
164	39954	0
164	39954	0
164	39954	0
164	39954	0
164	39954	0
164	39954	0
164	39954	0
164	39954	0
164	39954	0
164	39954	0
130	39959	0
141	39959	0
141	39959	0
164	39959	0
164	39959	0
164	39959	0
164	39959	0
164	39959	0
130	39961	0
132	39961	0
133	39961	0
136	39961	0
136	39961	0
137	39961	0
119	39962	0
119	39962	0
132	39962	0
133	39962	0
138	39962	0
138	39962	0
139	39962	0
139	39962	0
140	39962	0
140	39962	0
151	39962	0
151	39962	0
160	39962	0
160	39962	0
160	39962	0
161	39962	0
161	39962	0
161	39962	0
161	39962	0
162	39962	0
162	39962	0
162	39962	0
163	39962	0
163	39962	0
163	39962	0
163	39962	0
163	39962	0
163	39962	0
147B	39962	0
147B	39962	0
141	39965	0
141	39965	0
164	39965	0
164	39965	0
164	39965	0
164	39965	0
164	39965	0
164	39965	0
164	39965	0
164	39965	0
164	39965	0
164	39965	0
119	39966	0
119	39966	0
138	39966	0
138	39966	0
139	39966	0
139	39966	0
140	39966	0
140	39966	0
151	39966	0
151	39966	0
160	39966	0
160	39966	0
160	39966	0
161	39966	0
161	39966	0
161	39966	0
161	39966	0
162	39966	0
162	39966	0
162	39966	0
163	39966	0
163	39966	0
163	39966	0
163	39966	0
163	39966	0
163	39966	0
164	39966	0
164	39966	0
164	39966	0
164	39966	0
164	39966	0
164	39966	0
164	39966	0
164	39966	0
164	39966	0
164	39966	0
147B	39966	0
147B	39966	0
130	39967	0
132	39967	0
133	39967	0
136	39967	0
136	39967	0
137	39967	0
137	39967	0
164	39967	0
164	39967	0
164	39967	0
164	39967	0
164	39967	0
164	39967	0
164	39967	0
164	39967	0
164	39967	0
164	39967	0
132	39968	0
133	39968	0
164	39968	0
164	39968	0
164	39968	0
164	39968	0
164	39968	0
164	39968	0
164	39968	0
164	39968	0
164	39968	0
164	39968	0
152	39969	0
156	39969	0
164	39969	0
164	39969	0
164	39969	0
164	39969	0
164	39969	0
164	39969	0
164	39969	0
164	39969	0
164	39969	0
164	39969	0
164	39972	0
164	39972	0
164	39972	0
164	39972	0
164	39972	0
164	39972	0
164	39972	0
164	39972	0
164	39972	0
164	39972	0
165	39972	0
165	39972	0
165	39972	0
165	39972	0
165	39972	0
165	39972	0
165	39972	0
165	39972	0
165	39972	0
165	39972	0
165	39972	0
165	39972	0
165	39972	0
165	39972	0
165	39972	0
165	39972	0
165	39972	0
165	39972	0
165	39972	0
165	39972	0
165	39972	0
165	39972	0
130	39973	0
141	39973	0
141	39973	0
164	39973	0
164	39973	0
164	39973	0
164	39973	0
164	39973	0
119	39974	1
119	39974	0
150	39974	0
150	39974	0
160	39974	0
160	39974	0
160	39974	0
161	39974	0
161	39974	0
161	39974	0
161	39974	0
162	39974	0
162	39974	1
162	39974	0
163	39974	0
163	39974	0
163	39974	0
163	39974	0
163	39974	0
163	39974	0
147B	39974	0
147B	39974	0
130	39975	0
132	39975	0
133	39975	0
136	39975	0
136	39975	0
137	39975	0
137	39975	0
154	39975	0
132	39976	0
133	39976	0
164	39976	0
164	39976	0
164	39976	0
164	39976	0
164	39976	0
164	39976	0
164	39976	0
164	39976	0
164	39976	0
164	39976	0
165	39976	0
165	39976	0
165	39976	0
165	39976	0
165	39976	0
165	39976	0
165	39976	0
165	39976	0
165	39976	0
165	39976	0
132	39979	0
133	39979	0
164	39979	0
164	39979	0
164	39979	0
164	39979	0
164	39979	0
164	39979	0
164	39979	0
164	39979	0
164	39979	0
164	39979	0
165	39979	0
165	39979	0
165	39979	0
165	39979	0
165	39979	0
165	39979	0
165	39979	0
165	39979	0
165	39979	0
165	39979	0
165	39979	0
165	39979	0
165	39979	0
165	39979	0
165	39979	0
165	39979	0
165	39979	0
165	39979	0
165	39979	0
165	39979	0
165	39979	0
165	39979	0
164	39980	0
164	39980	0
164	39980	0
164	39980	0
164	39980	0
164	39980	0
164	39980	0
164	39980	0
164	39980	0
164	39980	0
130	39981	0
164	39981	0
164	39981	0
164	39981	0
164	39981	0
164	39981	0
164	39981	0
164	39981	0
164	39981	0
164	39981	0
164	39981	0
119	39982	1
119	39982	0
138	39982	0
138	39982	0
139	39982	0
139	39982	0
140	39982	0
140	39982	0
141	39982	0
141	39982	0
150	39982	0
150	39982	0
151	39982	0
151	39982	0
160	39982	0
160	39982	0
160	39982	0
161	39982	0
161	39982	0
161	39982	0
161	39982	0
162	39982	0
162	39982	0
162	39982	0
163	39982	0
163	39982	0
163	39982	0
163	39982	0
163	39982	0
163	39982	0
164	39982	0
164	39982	0
164	39982	0
164	39982	0
164	39982	0
147B	39982	0
147B	39982	0
130	39983	0
132	39983	0
133	39983	0
136	39983	0
136	39983	0
137	39983	5
137	39983	0
165	39984	0
165	39984	0
165	39984	0
165	39984	0
165	39984	0
165	39984	0
132	39986	0
133	39986	0
136	39986	0
136	39986	0
137	39986	0
137	39986	0
137	39986	0
137	39986	0
164	39986	0
164	39986	0
164	39986	0
164	39986	0
164	39986	0
164	39986	0
164	39986	0
164	39986	0
164	39986	0
164	39986	0
165	39986	0
165	39986	0
165	39986	0
165	39986	0
165	39986	0
165	39986	0
165	39986	0
165	39986	0
165	39986	0
165	39986	0
165	39986	0
165	39986	0
165	39986	0
165	39986	0
165	39986	0
165	39986	0
165	39986	0
165	39986	0
165	39986	0
165	39986	0
130	39987	0
130	39987	0
132	39987	0
133	39987	0
164	39987	0
164	39987	0
164	39987	0
164	39987	0
164	39987	0
164	39987	0
164	39987	0
164	39987	0
164	39987	0
164	39987	0
164	39988	0
164	39988	0
164	39988	0
164	39988	0
164	39988	0
164	39988	0
164	39988	0
164	39988	0
164	39988	0
164	39988	0
130	39989	0
141	39989	0
141	39989	0
141	39989	0
141	39989	0
165	39989	0
165	39989	0
165	39989	0
165	39989	0
165	39989	0
165	39989	0
165	39989	0
165	39989	0
165	39989	0
165	39989	0
119	39990	1
119	39990	0
119	39990	6
119	39990	0
138	39990	0
138	39990	0
138	39990	0
138	39990	0
139	39990	0
139	39990	0
140	39990	0
140	39990	0
140	39990	0
140	39990	0
150	39990	0
150	39990	0
150	39990	0
150	39990	0
151	39990	0
151	39990	0
151	39990	0
151	39990	0
160	39990	0
160	39990	0
160	39990	0
160	39990	0
160	39990	0
160	39990	0
161	39990	0
161	39990	0
161	39990	0
161	39990	0
161	39990	0
161	39990	0
161	39990	0
161	39990	0
162	39990	0
162	39990	0
162	39990	0
162	39990	0
162	39990	0
163	39990	0
163	39990	0
163	39990	0
163	39990	0
163	39990	0
163	39990	0
163	39990	0
163	39990	0
163	39990	0
163	39990	0
163	39990	0
163	39990	0
164	39990	0
164	39990	0
164	39990	0
164	39990	0
164	39990	0
165	39990	0
165	39990	0
165	39990	0
165	39990	0
165	39990	0
165	39990	0
165	39990	0
165	39990	0
165	39990	0
165	39990	0
165	39990	0
165	39990	0
165	39990	0
165	39990	0
165	39990	0
147B	39990	0
147B	39990	0
147B	39990	0
147B	39990	0
119	39993	0
119	39993	0
130	39993	0
138	39993	0
138	39993	0
138	39993	0
138	39993	0
139	39993	0
139	39993	0
139	39993	0
139	39993	0
140	39993	0
140	39993	0
140	39993	0
140	39993	0
150	39993	0
150	39993	0
150	39993	0
150	39993	0
151	39993	0
151	39993	0
151	39993	0
151	39993	0
160	39993	0
160	39993	0
160	39993	0
161	39993	0
161	39993	0
161	39993	0
161	39993	0
162	39993	3
162	39993	0
162	39993	0
162	39993	3
162	39993	0
162	39993	0
163	39993	0
163	39993	0
163	39993	0
163	39993	0
163	39993	0
163	39993	0
163	39993	0
163	39993	0
163	39993	0
163	39993	0
164	39993	0
164	39993	0
164	39993	0
164	39993	0
164	39993	0
164	39993	0
164	39993	0
164	39993	0
164	39993	0
164	39993	0
165	39993	0
165	39993	0
165	39993	0
165	39993	0
165	39993	0
165	39993	0
165	39993	0
165	39993	0
165	39993	0
165	39993	0
165	39993	0
165	39993	0
165	39993	0
165	39993	0
165	39993	0
165	39993	0
165	39993	0
165	39993	0
165	39993	0
165	39993	0
130	39994	0
130	39994	0
130	39994	0
132	39994	0
133	39994	0
136	39994	0
136	39994	0
136	39994	0
136	39994	0
137	39994	0
137	39994	0
162	39996	0
162	39996	0
162	39996	0
147B	39996	0
147B	39996	0
119	40000	0
119	40000	0
138	40000	0
138	40000	0
150	40000	0
150	40000	0
150	40000	0
150	40000	0
150	40000	0
150	40000	0
151	40000	0
151	40000	0
160	40000	0
160	40000	0
160	40000	0
161	40000	0
161	40000	0
161	40000	0
161	40000	0
162	40000	0
162	40000	0
162	40000	0
163	40000	0
163	40000	0
163	40000	0
163	40000	0
163	40000	0
163	40000	0
164	40000	0
164	40000	0
164	40000	0
164	40000	0
164	40000	0
164	40000	0
164	40000	0
164	40000	0
164	40000	0
164	40000	0
147B	40000	0
147B	40000	0
130	40001	0
132	40001	0
133	40001	0
136	40001	0
136	40001	0
136	40001	0
136	40001	0
153	40001	0
164	40001	0
164	40001	0
164	40001	0
164	40001	0
164	40001	0
164	40001	0
164	40001	0
164	40001	0
164	40001	0
164	40001	0
130	40003	0
152	40003	0
156	40003	0
164	40003	0
164	40003	0
164	40003	0
164	40003	0
164	40003	0
164	40003	0
164	40003	0
164	40003	0
164	40003	0
164	40003	0
141	40004	0
141	40004	0
130	40007	0
130	40007	0
141	40007	0
141	40007	0
152	40007	0
156	40007	0
130	40009	0
136	40009	0
136	40009	0
137	40009	0
137	40009	0
164	40010	0
164	40010	0
164	40010	0
164	40010	0
164	40010	0
164	40010	0
164	40010	0
164	40010	0
164	40010	0
164	40010	0
165	40010	0
165	40010	0
165	40010	0
165	40010	0
165	40010	0
165	40010	0
165	40010	0
165	40010	0
165	40010	0
165	40010	0
165	40010	0
164	40011	0
164	40011	0
164	40011	0
164	40011	0
164	40011	0
165	40011	0
165	40011	0
165	40011	0
165	40011	0
165	40011	0
165	40011	0
165	40011	0
165	40011	0
165	40011	0
165	40011	0
165	40011	0
152	40014	0
156	40014	0
157	40014	0
165	40014	0
165	40014	0
165	40014	0
165	40014	0
165	40014	0
119	40016	0
119	40016	0
150	40016	0
150	40016	0
162	40016	0
162	40016	0
162	40016	0
163	40016	0
163	40016	0
163	40016	0
163	40016	0
163	40016	0
163	40016	0
164	40016	0
164	40016	0
164	40016	0
164	40016	0
164	40016	0
147B	40016	0
147B	40016	0
130	40017	0
136	40017	0
136	40017	0
137	40017	0
137	40017	0
160	40017	0
160	40017	0
160	40017	0
161	40017	0
161	40017	0
161	40017	0
161	40017	0
164	40018	0
164	40018	0
164	40018	0
164	40018	0
164	40018	0
130	40021	0
130	40021	0
141	40021	0
141	40021	0
152	40021	0
156	40021	0
165	40021	0
165	40021	0
165	40021	0
165	40021	0
165	40021	0
165	40021	0
165	40021	0
165	40021	0
165	40021	0
165	40021	0
165	40021	0
165	40021	0
165	40021	0
165	40021	0
165	40021	0
165	40021	0
165	40021	0
165	40021	0
165	40021	0
165	40021	0
130	40023	0
130	40023	0
136	40023	0
136	40023	0
137	40023	0
137	40023	0
160	40023	0
160	40023	0
160	40023	0
161	40023	0
161	40023	0
161	40023	0
161	40023	0
119	40024	1
119	40024	0
138	40024	0
138	40024	0
139	40024	0
139	40024	0
140	40024	0
140	40024	0
150	40024	0
150	40024	0
151	40024	0
151	40024	0
162	40024	0
162	40024	0
162	40024	0
163	40024	0
163	40024	0
163	40024	0
163	40024	0
163	40024	0
163	40024	0
164	40024	0
164	40024	0
164	40024	0
164	40024	0
164	40024	0
147B	40024	0
147B	40024	0
130	40025	0
136	40025	0
136	40025	0
137	40025	0
137	40025	0
160	40025	0
160	40025	0
160	40025	0
161	40025	0
161	40025	0
161	40025	0
161	40025	0
165	40025	0
165	40025	0
165	40025	0
165	40025	0
165	40025	0
165	40025	0
165	40025	0
165	40025	0
165	40025	0
165	40025	0
165	40025	0
130	40029	0
141	40029	0
141	40029	0
164	40029	0
164	40029	0
164	40029	0
164	40029	0
164	40029	0
164	40029	0
164	40029	0
164	40029	0
164	40029	0
164	40029	0
119	40031	0
119	40031	0
138	40031	0
138	40031	0
139	40031	0
139	40031	0
140	40031	0
140	40031	0
150	40031	0
150	40031	0
151	40031	0
151	40031	0
162	40031	0
162	40031	0
162	40031	0
163	40031	0
163	40031	0
163	40031	0
163	40031	0
163	40031	0
163	40031	0
164	40031	0
164	40031	0
164	40031	0
164	40031	0
164	40031	1
164	40031	0
164	40031	0
164	40031	0
164	40031	0
164	40031	0
147B	40031	0
147B	40031	0
130	40032	0
136	40032	0
136	40032	0
137	40032	0
137	40032	0
160	40032	0
160	40032	0
160	40032	0
161	40032	0
161	40032	0
161	40032	0
161	40032	1
164	40032	0
164	40032	0
164	40032	0
164	40032	0
164	40032	0
164	40032	0
164	40032	0
164	40032	0
164	40032	0
164	40032	0
164	40032	0
164	40032	0
164	40032	0
164	40032	0
164	40032	0
164	40032	0
164	40032	0
164	40032	0
165	40032	0
165	40032	0
165	40032	0
165	40032	0
165	40032	0
165	40032	0
165	40032	0
165	40032	0
165	40032	0
165	40032	0
165	40032	0
164	40035	0
164	40035	0
164	40035	0
164	40035	0
164	40035	0
164	40035	0
164	40035	0
164	40035	0
164	40035	0
164	40035	0
164	40037	0
164	40037	0
164	40037	0
164	40037	0
164	40037	0
164	40037	0
164	40037	0
164	40037	0
164	40037	0
164	40037	0
164	40037	0
164	40037	0
164	40037	0
164	40037	0
164	40037	0
164	40037	0
164	40037	0
164	40037	0
164	40038	0
164	40038	0
164	40038	0
164	40038	0
164	40038	0
164	40038	0
164	40038	0
164	40038	0
164	40038	0
164	40038	0
119	40042	0
119	40042	0
138	40042	0
138	40042	0
139	40042	0
139	40042	0
140	40042	0
140	40042	0
150	40042	1
150	40042	1
151	40042	0
151	40042	1
162	40042	0
162	40042	0
162	40042	0
163	40042	0
163	40042	0
163	40042	0
163	40042	0
163	40042	0
163	40042	0
164	40042	0
164	40042	0
164	40042	0
164	40042	0
164	40042	0
164	40042	0
164	40042	0
164	40042	0
164	40042	1
164	40042	0
165	40042	0
165	40042	0
165	40042	0
165	40042	0
165	40042	0
147B	40042	0
147B	40042	0
130	40043	0
136	40043	0
136	40043	0
137	40043	3
137	40043	1
160	40043	0
160	40043	0
160	40043	0
161	40043	0
161	40043	0
161	40043	0
161	40043	0
164	40043	0
164	40043	0
164	40043	0
164	40043	0
164	40043	0
164	40043	0
164	40043	0
164	40043	0
164	40043	0
164	40043	0
130	40045	0
141	40045	0
141	40045	0
164	40045	0
164	40045	0
164	40045	0
164	40045	0
164	40045	0
164	40045	0
164	40045	0
164	40045	0
164	40045	0
164	40045	0
164	40045	0
164	40045	0
164	40045	0
164	40045	0
164	40045	0
164	40045	0
164	40045	0
164	40045	0
165	40046	0
165	40046	0
165	40046	0
165	40046	0
165	40046	0
165	40046	0
165	40046	0
165	40046	0
165	40046	0
165	40046	0
165	40046	0
119	40050	0
119	40050	0
138	40050	0
138	40050	0
139	40050	0
139	40050	0
140	40050	0
140	40050	0
150	40050	0
150	40050	0
151	40050	0
151	40050	0
162	40050	0
162	40050	0
162	40050	0
163	40050	0
163	40050	0
163	40050	0
163	40050	0
163	40050	0
163	40050	0
164	40050	0
164	40050	0
164	40050	0
164	40050	0
164	40050	0
164	40050	0
164	40050	0
164	40050	0
164	40050	0
164	40050	0
165	40050	0
165	40050	0
165	40050	0
165	40050	0
165	40050	0
147B	40050	0
147B	40050	0
130	40051	0
136	40051	0
136	40051	0
137	40051	0
137	40051	0
160	40051	0
160	40051	0
160	40051	0
161	40051	0
161	40051	0
161	40051	0
161	40051	0
165	40052	0
165	40052	0
165	40052	0
165	40052	0
165	40052	0
130	40053	0
141	40053	0
141	40053	1
164	40053	0
164	40053	0
164	40053	0
164	40053	0
164	40053	0
164	40053	0
164	40053	0
164	40053	0
164	40053	0
164	40056	0
164	40056	0
164	40056	0
164	40056	0
164	40056	0
164	40056	0
164	40056	0
164	40056	0
164	40056	0
164	40056	0
164	40056	0
164	40056	0
164	40056	0
164	40056	0
164	40056	0
164	40056	0
164	40056	0
164	40056	0
130	40057	0
141	40057	0
141	40057	0
136	40058	0
136	40058	0
136	40058	0
136	40058	0
137	40058	0
137	40058	0
137	40058	0
137	40058	0
164	40058	0
164	40058	0
164	40058	0
164	40058	0
164	40058	0
164	40058	0
164	40058	0
164	40058	0
164	40058	0
164	40058	0
130	40059	0
130	40059	0
136	40059	0
136	40059	0
136	40059	0
136	40059	0
137	40059	0
137	40059	0
137	40059	0
137	40059	0
160	40059	0
160	40059	0
160	40059	0
160	40059	0
160	40059	0
160	40059	0
161	40059	0
161	40059	0
161	40059	0
161	40059	0
161	40059	0
161	40059	0
161	40059	0
161	40059	0
162	40059	0
162	40059	0
162	40059	0
162	40059	0
162	40059	0
162	40059	0
163	40059	0
163	40059	0
163	40059	0
163	40059	0
163	40059	0
163	40059	0
163	40059	0
163	40059	0
163	40059	0
163	40059	0
163	40059	0
163	40059	0
119	40060	1
119	40060	0
119	40060	0
119	40060	2
150	40060	0
150	40060	0
150	40060	0
150	40060	0
164	40060	0
164	40060	0
164	40060	0
164	40060	0
164	40060	0
164	40060	0
164	40060	0
164	40060	0
164	40060	0
164	40060	0
165	40060	0
165	40060	0
165	40060	0
165	40060	0
165	40060	0
165	40060	0
165	40060	0
165	40060	0
165	40060	0
165	40060	0
165	40060	0
165	40060	0
165	40060	0
165	40060	0
165	40060	0
165	40060	0
165	40060	0
165	40060	0
165	40060	0
147B	40060	0
147B	40060	0
147B	40060	0
147B	40060	0
141	40064	0
141	40064	0
141	40064	0
141	40064	0
164	40064	0
164	40064	0
164	40064	0
164	40064	0
164	40064	0
164	40064	0
164	40064	0
164	40064	0
164	40064	0
165	40064	0
165	40064	0
165	40064	0
165	40064	0
165	40064	0
165	40064	0
165	40064	0
165	40064	0
165	40064	0
165	40064	0
165	40064	0
165	40064	0
165	40064	0
165	40064	0
165	40064	0
165	40064	0
165	40064	0
165	40064	0
130	40065	0
165	40065	0
165	40065	0
165	40065	0
165	40065	0
165	40065	0
165	40065	0
165	40065	0
165	40065	0
165	40065	0
165	40065	0
165	40065	0
165	40065	0
165	40065	0
165	40065	0
165	40065	0
165	40065	0
165	40065	0
165	40065	0
130	40066	0
136	40066	0
136	40066	0
137	40066	0
137	40066	0
164	40066	0
164	40066	0
164	40066	0
164	40066	0
164	40066	0
164	40066	0
164	40066	0
164	40066	0
164	40066	0
164	40066	0
165	40066	0
165	40066	0
165	40066	0
165	40066	0
165	40066	0
147B	40066	0
147B	40066	2
119	40067	0
119	40067	0
138	40067	0
138	40067	0
139	40067	0
139	40067	0
140	40067	0
140	40067	0
150	40067	0
150	40067	0
151	40067	0
151	40067	0
160	40067	0
160	40067	0
160	40067	0
161	40067	0
161	40067	0
161	40067	0
161	40067	0
162	40067	0
162	40067	0
162	40067	0
163	40067	0
163	40067	0
163	40067	0
163	40067	0
163	40067	0
163	40067	0
147B	40067	0
147B	40067	0
119	40070	1
119	40070	0
138	40070	0
138	40070	0
139	40070	0
139	40070	0
140	40070	0
140	40070	0
150	40070	0
150	40070	0
151	40070	0
151	40070	0
164	40070	0
164	40070	0
164	40070	0
164	40070	0
164	40070	0
164	40070	0
164	40070	0
164	40070	0
164	40070	0
164	40070	0
165	40070	0
165	40070	0
165	40070	0
165	40070	0
165	40070	0
165	40070	0
165	40070	0
165	40070	0
165	40070	0
147B	40070	0
147B	40070	0
141	40071	0
141	40071	0
130	40072	0
164	40072	0
164	40072	0
164	40072	0
164	40072	0
164	40072	0
164	40072	0
164	40072	0
164	40072	0
164	40072	0
164	40072	0
165	40072	0
165	40072	0
165	40072	0
165	40072	0
165	40072	0
165	40072	0
165	40072	0
165	40072	0
165	40072	0
165	40072	0
165	40072	0
165	40072	0
165	40072	0
165	40072	0
165	40072	0
165	40072	0
165	40072	0
165	40072	0
136	40073	0
136	40073	0
137	40073	0
137	40073	0
164	40073	0
164	40073	0
164	40073	0
164	40073	0
164	40073	0
164	40073	0
164	40073	0
164	40073	0
164	40073	0
164	40073	0
130	40074	0
160	40074	0
160	40074	0
160	40074	0
161	40074	0
161	40074	0
161	40074	0
161	40074	0
162	40074	0
162	40074	0
162	40074	0
163	40074	0
163	40074	0
163	40074	0
163	40074	0
163	40074	0
163	40074	0
147B	40074	0
147B	40074	0
160	40077	0
160	40077	0
160	40077	0
161	40077	0
161	40077	0
161	40077	0
161	40077	0
162	40077	0
162	40077	0
162	40077	0
163	40077	0
163	40077	0
163	40077	0
163	40077	1
163	40077	0
163	40077	0
164	40077	0
164	40077	0
164	40077	0
164	40077	0
164	40077	0
164	40077	0
164	40077	0
164	40077	0
164	40077	0
164	40077	0
119	40078	0
119	40078	0
138	40078	0
138	40078	0
139	40078	0
139	40078	0
140	40078	0
140	40078	0
150	40078	0
150	40078	0
151	40078	0
151	40078	0
165	40078	0
165	40078	0
165	40078	0
165	40078	0
165	40078	0
165	40078	0
165	40078	0
165	40078	0
165	40078	0
147B	40078	0
147B	40078	0
130	40079	0
141	40079	0
141	40079	0
130	40080	0
164	40081	0
164	40081	0
164	40081	0
164	40081	0
164	40081	0
164	40081	0
164	40081	0
164	40081	0
164	40081	0
164	40081	0
136	40084	0
136	40084	0
137	40084	0
137	40084	0
164	40084	0
164	40084	0
164	40084	0
164	40084	0
164	40084	0
164	40084	0
164	40084	0
164	40084	0
164	40084	0
164	40084	0
165	40084	0
165	40084	0
165	40084	0
165	40084	0
165	40084	0
165	40084	0
165	40084	0
165	40084	0
165	40084	0
164	40085	0
164	40085	0
164	40085	0
164	40085	0
164	40085	0
164	40085	0
164	40085	0
164	40085	0
164	40085	0
164	40085	0
119	40086	0
119	40086	0
138	40086	0
138	40086	0
139	40086	0
139	40086	0
140	40086	0
140	40086	0
150	40086	0
150	40086	0
151	40086	0
151	40086	0
164	40086	0
164	40086	0
164	40086	0
164	40086	0
164	40086	0
164	40086	0
164	40086	0
164	40086	0
164	40086	0
164	40086	0
130	40087	0
141	40087	0
141	40087	0
164	40087	0
164	40087	0
164	40087	0
164	40087	0
164	40087	0
164	40087	0
164	40087	0
164	40087	0
164	40087	0
164	40087	0
165	40087	0
165	40087	0
165	40087	0
165	40087	0
165	40087	0
165	40087	0
165	40087	0
165	40087	0
165	40087	0
147B	40087	0
147B	40087	0
130	40088	0
160	40088	0
160	40088	0
160	40088	0
161	40088	0
161	40088	0
161	40088	0
161	40088	0
162	40088	0
162	40088	0
162	40088	0
163	40088	0
163	40088	0
163	40088	0
163	40088	0
163	40088	0
163	40088	0
165	40088	0
165	40088	0
165	40088	0
165	40088	0
165	40088	0
165	40088	0
165	40088	0
165	40088	0
165	40088	0
165	40091	0
165	40091	0
165	40091	0
165	40091	0
165	40091	0
165	40091	0
165	40091	0
165	40091	0
165	40091	0
136	40092	0
136	40092	0
137	40092	0
137	40092	0
132	40093	0
160	40093	0
160	40093	0
160	40093	0
161	40093	0
161	40093	0
161	40093	0
161	40093	0
162	40093	0
162	40093	0
162	40093	0
163	40093	0
163	40093	0
163	40093	0
163	40093	0
163	40093	0
163	40093	0
164	40093	0
164	40093	0
164	40093	0
164	40093	0
164	40093	0
164	40093	0
164	40093	0
164	40093	0
164	40093	0
164	40093	0
147B	40093	0
147B	40093	0
119	40094	0
119	40094	0
130	40094	0
138	40094	0
138	40094	0
139	40094	0
139	40094	0
140	40094	0
140	40094	0
150	40094	0
150	40094	0
151	40094	0
151	40094	0
165	40094	0
165	40094	0
165	40094	0
165	40094	0
165	40094	0
165	40094	0
165	40094	0
165	40094	0
165	40094	0
130	40095	0
141	40095	0
141	40095	1
164	40095	0
164	40095	0
164	40095	0
164	40095	0
164	40095	0
164	40095	0
164	40095	0
164	40095	0
164	40095	0
164	40095	0
130	40098	0
141	40098	0
141	40098	0
165	40099	0
165	40099	0
165	40099	0
165	40099	0
165	40099	0
165	40099	0
165	40099	0
165	40099	0
165	40099	0
132	40100	0
136	40100	0
136	40100	0
137	40100	0
137	40100	0
160	40101	0
160	40101	0
160	40101	0
161	40101	0
161	40101	0
161	40101	0
161	40101	0
162	40101	0
162	40101	0
162	40101	1
163	40101	0
163	40101	0
163	40101	0
163	40101	0
163	40101	0
163	40101	0
164	40101	0
164	40101	0
164	40101	0
164	40101	0
164	40101	0
164	40101	0
164	40101	0
164	40101	0
164	40101	0
164	40101	0
147B	40101	0
147B	40101	0
119	40102	0
119	40102	0
130	40102	0
138	40102	0
138	40102	0
139	40102	0
140	40102	0
140	40102	0
150	40102	0
150	40102	0
151	40102	0
151	40102	0
165	40102	0
165	40102	0
165	40102	0
165	40102	0
165	40102	0
165	40102	0
165	40102	0
165	40102	0
165	40102	0
119	40105	0
119	40105	0
130	40105	0
138	40105	0
138	40105	0
139	40105	0
139	40105	0
140	40105	0
140	40105	0
150	40105	0
150	40105	0
151	40105	0
151	40105	0
165	40105	0
165	40105	0
165	40105	0
165	40105	0
165	40105	0
165	40105	0
165	40105	0
165	40105	0
165	40105	0
130	40106	0
141	40106	0
141	40106	0
164	40106	0
164	40106	0
164	40106	0
164	40106	0
164	40106	0
164	40106	0
164	40106	0
164	40106	0
164	40106	0
164	40106	0
164	40107	0
164	40107	0
164	40107	0
164	40107	0
164	40107	0
164	40107	0
164	40107	0
164	40107	0
164	40107	0
164	40107	0
165	40107	0
165	40107	0
165	40107	0
165	40107	0
165	40107	0
165	40107	0
165	40107	0
165	40107	0
165	40107	0
132	40108	0
136	40108	0
136	40108	0
137	40108	0
137	40108	0
132	40109	0
160	40109	0
160	40109	0
160	40109	0
161	40109	0
161	40109	0
161	40109	0
161	40109	0
162	40109	0
162	40109	0
162	40109	0
163	40109	0
163	40109	0
163	40109	0
163	40109	0
163	40109	0
163	40109	0
147B	40109	0
147B	40109	0
132	40112	0
160	40112	0
160	40112	0
160	40112	0
161	40112	0
161	40112	0
161	40112	0
161	40112	0
162	40112	0
162	40112	0
162	40112	0
163	40112	0
163	40112	0
163	40112	0
163	40112	0
163	40112	0
163	40112	0
164	40112	0
164	40112	0
164	40112	0
164	40112	0
164	40112	0
164	40112	0
164	40112	0
164	40112	0
164	40112	0
164	40112	0
147B	40112	0
147B	40112	0
119	40113	0
119	40113	0
130	40113	0
138	40113	0
138	40113	0
139	40113	0
139	40113	0
140	40113	0
140	40113	0
150	40113	0
150	40113	0
151	40113	0
151	40113	0
164	40113	0
164	40113	0
164	40113	0
164	40113	0
164	40113	0
164	40113	0
164	40113	0
164	40113	0
164	40113	0
164	40113	0
165	40113	0
165	40113	0
165	40113	0
165	40113	0
165	40113	0
165	40113	0
165	40113	0
165	40113	0
165	40113	0
130	40114	0
141	40114	0
141	40114	0
132	40116	0
136	40116	0
136	40116	0
137	40116	0
137	40116	0
132	40119	0
136	40119	0
136	40119	0
137	40119	0
137	40119	0
130	40120	0
138	40120	0
138	40120	0
139	40120	0
139	40120	0
140	40120	0
140	40120	0
150	40120	0
150	40120	0
151	40120	0
151	40120	0
164	40120	0
164	40120	0
164	40120	0
164	40120	0
164	40120	0
164	40120	0
164	40120	0
164	40120	0
164	40120	0
164	40120	0
165	40120	0
165	40120	0
165	40120	0
165	40120	0
165	40120	0
165	40120	0
165	40120	0
165	40120	0
165	40120	0
130	40121	0
164	40121	0
164	40121	0
164	40121	0
164	40121	0
164	40121	0
164	40121	0
164	40121	0
164	40121	0
164	40121	0
164	40121	0
132	40122	0
141	40122	0
141	40122	0
164	40122	0
164	40122	0
164	40122	0
164	40122	0
164	40122	0
164	40122	0
164	40122	0
164	40122	0
164	40122	0
164	40122	0
160	40123	0
160	40123	0
160	40123	0
161	40123	0
161	40123	0
161	40123	0
161	40123	0
162	40123	0
162	40123	0
162	40123	0
163	40123	0
163	40123	0
163	40123	0
163	40123	0
163	40123	0
163	40123	0
165	40123	0
165	40123	0
165	40123	0
165	40123	0
165	40123	0
165	40123	0
165	40123	0
165	40123	0
165	40123	0
147B	40123	0
147B	40123	0
119	40126	0
119	40126	0
165	40126	0
165	40126	0
165	40126	0
165	40126	0
165	40126	0
165	40126	0
165	40126	0
165	40126	0
165	40126	0
132	40127	0
136	40127	0
136	40127	0
137	40127	0
137	40127	0
138	40128	0
138	40128	0
139	40128	0
139	40128	0
139	40128	0
160	40128	0
160	40128	0
160	40128	0
161	40128	0
161	40128	0
161	40128	0
161	40128	0
132	40129	0
140	40129	0
140	40129	0
150	40129	0
150	40129	0
151	40129	0
151	40129	0
164	40129	0
164	40129	0
164	40129	0
164	40129	0
164	40129	0
165	40129	0
165	40129	0
165	40129	0
165	40129	0
165	40129	0
165	40129	0
165	40129	0
165	40129	0
165	40129	0
141	40130	0
141	40130	0
162	40130	0
162	40130	0
162	40130	0
163	40130	0
163	40130	0
163	40130	0
163	40130	0
163	40130	0
163	40130	0
164	40130	0
164	40130	0
164	40130	0
164	40130	0
164	40130	0
147B	40130	0
147B	40130	0
132	40133	0
130	40134	0
162	40134	0
162	40134	0
162	40134	0
162	40134	0
162	40134	0
162	40134	0
163	40134	0
163	40134	0
163	40134	0
163	40134	0
163	40134	0
163	40134	0
163	40134	0
163	40134	0
163	40134	0
163	40134	0
163	40134	0
163	40134	0
147B	40134	0
147B	40134	0
147B	40134	0
147B	40134	0
130	40135	0
130	40135	0
132	40135	0
132	40135	0
136	40135	0
136	40135	0
136	40135	0
136	40135	0
137	40135	0
137	40135	0
137	40135	0
137	40135	0
164	40135	0
164	40135	0
164	40135	0
164	40135	0
164	40135	0
164	40135	0
164	40135	0
164	40135	0
164	40135	0
164	40135	0
164	40135	0
164	40135	0
164	40135	0
164	40135	0
164	40135	0
165	40135	0
165	40135	0
165	40135	0
165	40135	0
165	40135	0
165	40135	0
165	40135	0
165	40135	0
165	40135	0
165	40135	0
165	40135	0
165	40135	0
165	40135	0
165	40135	0
165	40135	0
165	40135	0
165	40135	0
165	40135	0
119	40136	0
119	40136	0
119	40136	0
119	40136	0
138	40136	0
138	40136	0
138	40136	0
138	40136	0
139	40136	0
139	40136	0
139	40136	0
139	40136	0
160	40136	0
160	40136	0
160	40136	0
160	40136	0
160	40136	0
160	40136	0
161	40136	0
161	40136	0
161	40136	0
161	40136	0
161	40136	0
161	40136	0
161	40136	0
161	40136	0
164	40136	0
164	40136	0
164	40136	0
164	40136	0
164	40136	0
164	40136	0
164	40136	0
164	40136	0
164	40136	0
164	40136	0
140	40137	0
140	40137	0
140	40137	0
140	40137	0
141	40137	0
141	40137	0
141	40137	0
141	40137	0
150	40137	0
150	40137	0
150	40137	0
150	40137	0
151	40137	0
151	40137	0
151	40137	0
151	40137	0
164	40137	0
164	40137	0
164	40137	0
164	40137	0
164	40137	0
164	40137	0
164	40137	0
164	40137	0
164	40137	0
164	40137	0
165	40137	0
165	40137	0
165	40137	0
165	40137	0
165	40137	0
165	40137	0
165	40137	0
165	40137	0
165	40137	0
136	40140	0
136	40140	0
137	40140	0
137	40140	0
140	40140	0
140	40140	0
150	40140	0
150	40140	0
151	40140	0
151	40140	1
164	40140	0
164	40140	0
164	40140	0
164	40140	0
164	40140	0
165	40140	0
165	40140	0
165	40140	0
165	40140	0
165	40140	0
165	40140	0
165	40140	0
165	40140	0
165	40140	0
132	40141	0
141	40141	0
141	40141	0
160	40141	0
160	40141	0
160	40141	0
161	40141	0
161	40141	0
161	40141	0
161	40141	0
162	40141	0
162	40141	0
162	40141	1
163	40141	0
163	40141	0
163	40141	0
163	40141	0
163	40141	0
163	40141	0
147B	40141	0
147B	40141	0
119	40142	0
119	40142	0
130	40142	0
138	40142	0
138	40142	0
139	40142	0
139	40142	0
130	40147	0
132	40147	0
136	40147	0
136	40147	0
137	40147	0
137	40147	0
141	40147	0
141	40147	0
119	40148	0
119	40148	0
132	40148	0
138	40148	0
138	40148	0
139	40148	0
139	40148	0
160	40148	0
160	40148	0
160	40148	0
161	40148	0
161	40148	0
161	40148	0
161	40148	0
130	40149	0
140	40149	0
140	40149	0
150	40149	0
150	40149	0
151	40149	0
151	40149	0
164	40149	0
164	40149	0
164	40149	0
164	40149	0
164	40149	0
164	40149	0
164	40149	0
164	40149	0
164	40149	0
164	40149	0
130	40150	0
162	40150	0
162	40150	0
162	40150	0
163	40150	0
163	40150	0
163	40150	0
163	40150	0
163	40150	0
163	40150	0
147B	40150	0
147B	40150	0
164	40151	0
164	40151	0
164	40151	0
164	40151	0
164	40151	0
165	40151	0
165	40151	0
165	40151	0
165	40151	0
165	40151	0
165	40151	0
165	40151	0
165	40151	0
165	40151	0
141	40154	0
141	40154	0
164	40154	0
164	40154	0
164	40154	0
164	40154	0
164	40154	1
165	40154	0
165	40154	0
165	40154	0
165	40154	0
165	40154	0
165	40154	0
165	40154	0
165	40154	0
165	40154	0
130	40156	0
138	40156	0
138	40156	0
139	40156	0
139	40156	0
160	40156	0
160	40156	0
160	40156	0
161	40156	0
161	40156	0
161	40156	0
161	40156	0
119	40157	0
119	40157	0
132	40157	1
140	40157	0
140	40157	0
150	40157	0
150	40157	0
151	40157	0
151	40157	0
130	40158	0
162	40158	0
162	40158	0
162	40158	0
163	40158	0
163	40158	0
163	40158	0
163	40158	0
163	40158	0
163	40158	0
164	40158	0
164	40158	0
164	40158	0
164	40158	0
164	40158	0
164	40158	0
164	40158	0
164	40158	0
164	40158	0
164	40158	0
165	40158	0
165	40158	0
165	40158	0
165	40158	0
165	40158	0
165	40158	0
165	40158	0
165	40158	0
165	40158	0
165	40158	0
165	40158	0
165	40158	0
165	40158	0
165	40158	0
165	40158	0
165	40158	0
165	40158	0
165	40158	0
147B	40158	0
147B	40158	0
130	40161	0
162	40161	0
162	40161	0
162	40161	0
163	40161	0
163	40161	0
163	40161	0
163	40161	0
163	40161	0
163	40161	0
147B	40161	0
147B	40161	0
141	40162	0
141	40162	0
132	40163	0
136	40163	0
136	40163	0
137	40163	0
137	40163	0
165	40163	0
165	40163	0
165	40163	0
165	40163	0
165	40163	0
165	40163	0
165	40163	0
165	40163	0
165	40163	0
165	40163	0
165	40163	0
165	40163	0
165	40163	0
165	40163	0
165	40163	0
165	40163	0
165	40163	0
165	40163	0
119	40165	0
119	40165	0
132	40165	0
140	40165	0
140	40165	0
150	40165	0
150	40165	0
151	40165	0
151	40165	0
164	40165	0
164	40165	0
164	40165	0
164	40165	0
164	40165	0
165	40165	0
165	40165	0
165	40165	0
165	40165	0
165	40165	0
165	40165	0
165	40165	0
165	40165	0
165	40165	0
132	40168	0
136	40168	0
136	40168	0
137	40168	0
137	40168	0
138	40168	0
138	40168	0
139	40168	0
139	40168	0
140	40168	0
140	40168	0
150	40168	0
150	40168	0
151	40168	0
151	40168	0
160	40168	0
160	40168	0
160	40168	0
161	40168	0
161	40168	0
161	40168	0
161	40168	0
141	40169	0
141	40169	0
162	40169	0
162	40169	0
162	40169	0
163	40169	0
163	40169	0
163	40169	0
163	40169	0
163	40169	0
163	40169	0
164	40169	0
164	40169	0
164	40169	0
164	40169	0
164	40169	0
165	40169	0
165	40169	0
165	40169	0
165	40169	0
165	40169	0
165	40169	0
165	40169	0
165	40169	0
165	40169	0
147B	40169	0
147B	40169	0
119	40170	0
119	40170	0
130	40170	0
119	40176	0
119	40176	0
130	40176	0
132	40176	0
136	40176	0
136	40176	0
137	40176	0
137	40176	0
138	40176	0
138	40176	0
139	40176	0
139	40176	0
140	40176	0
140	40176	0
141	40176	0
141	40176	0
150	40176	0
150	40176	0
151	40176	0
151	40176	0
160	40176	0
160	40176	0
160	40176	0
161	40176	0
161	40176	0
161	40176	0
161	40176	0
162	40176	0
162	40176	0
162	40176	0
163	40176	0
163	40176	0
163	40176	0
163	40176	0
163	40176	0
163	40176	0
164	40176	0
164	40176	0
164	40176	0
164	40176	0
164	40176	0
165	40176	0
165	40176	0
165	40176	0
165	40176	0
165	40176	0
165	40176	0
165	40176	0
165	40176	0
165	40176	0
147B	40176	0
147B	40176	0
		
