TAMC
14
23
0
1
0
17
0
0
2
0
0
0
0
0
0
21
7
1
0
0
1
0
0
1
0
60
33
1
6
0
5
1
1
0
0
0
0
0
2
0
0
0
0
3
2
23
23
4
0
0
2
0
0
0
0
4
0
3
0
0
1
0
0
0
1
1
0
7
0
22
0
0
1
0
9
2
23
5
62
8
1
1
15
45
0
0
0
0
0
9
6
8
2
0
0
1
0
0
0
0
0
0
0
0
0
1
0
0
0
1
1
0
0
0
0
3
0
14
1
0
0
0
1
0
22
19
0
0
1
20
12
3
1
1
0
0
1
0
6
3
0
26
1
0
0
0
0
1
40
41
0
0
0
0
6
23
48
2
18
0
0
1
0
0
0
5
48
46
0
0
0
0
18
17
1
0
0
2
62
0
0
0
2
0
1
92
81
0
0
0
0
0
0
1
4
3
0
2
2
2
10
3
0
0
0
0
0
5
1
1
0
0
2
1
1
0
0
0
0
0
0
1
0
1
0
0
0
0
0
0
0
0
0
0
0
0
0
3
0
0
0
0
1
0
0
0
0
1
0
0
0
20
61
0
0
0
0
0
0
0
16
3
0
6
5
4
0
1
0
0
12
0
0
0
0
0
44
10
2
1
4
85
7
1
0
0
0
1
0
0
0
0
0
0
0
0
0
0
0
0
0
0
0
0
0
0
0
0
1
0
0
0
1
0
0
0
0
0
2
3
0
0
0
0
0
10
0
0
0
1
2
4
2
2
0
0
1
0
0
0
1
0
0
2
0
0
7
10
0
3
0
0
0
0
0
0
0
0
0
0
0
0
0
28
12
0
5
3
12
3
1
0
9
0
0
0
1
0
2
0
0
3
2
1
5
0
1
0
0
0
0
0
1
1
0
0
0
0
1
3
0
0
1
0
0
0
0
0
0
17
31
11
1
0
0
12
0
0
0
1
12
6
0
3
0
0
0
0
0
0
0
0
0
0
0
0
0
0
0
0
0
0
0
5
0
0
0
0
46
9
0
0
0
0
0
0
0
0
0
0
0
0
0
0
2
4
1
4
2
0
0
0
0
0
0
0
0
0
0
0
0
0
0
0
0
0
0
0
0
0
0
0
2
0
0
30
1
1
1
5
0
18
7
1
1
27
22
14
3
0
4
0
0
0
2
0
0
0
0
0
0
0
0
1
1
0
0
68
8
0
2
4
2
4
0
1
2
18
1
1
1
1
0
1
3
1
0
0
0
0
0
0
0
0
0
0
0
0
0
0
0
0
2
2
1
1
0
0
6
2
1
16
6
2
92
5
9
0
0
0
1
0
0
0
0
0
1
0
0
0
0
0
0
0
0
0
0
0
0
0
0
0
0
0
0
5
0
0
3
0
0
0
0
1
0
0
0
0
0
1
0
0
0
45
27
3
0
0
0
0
0
0
5
2
4
0
1
1
1
0
0
0
6
0
0
0
0
0
0
0
0
4
2
0
2
11
0
0
38
67
6
0
1
7
1
3
0
0
0
0
0
0
2
4
0
1
0
0
0
0
0
0
0
0
0
0
23
8
4
18
1
5
5
4
0
0
0
0
0
0
0
0
0
0
0
0
0
0
0
0
0
0
0
0
0
0
0
0
0
1
1
0
0
0
0
0
0
0
0
0
0
50
24
8
4
7
8
8
2
0
0
0
0
0
0
0
0
2
9
0
4
0
0
0
0
0
0
0
0
0
0
0
0
0
0
0
0
0
20
46
3
4
0
0
0
0
1
1
0
2
2
0
0
0
0
0
0
0
0
2
0
3
0
0
0
0
0
0
0
0
0
0
0
0
0
0
0
0
1
1
2
0
2
1
0
0
0
0
0
0
0
0
0
0
0
0
0
2
0
0
0
0
0
0
1
0
4
0
1
0
0
0
14
43
6
1
4
9
0
0
0
0
0
0
1
0
0
0
0
0
0
0
0
0
0
0
0
0
0
0
0
0
0
1
0
0
3
2
1
5
0
0
0
0
0
1
47
37
5
0
2
1
17
0
6
2
2
0
0
0
5
0
6
7
1
2
2
0
0
0
0
0
0
0
0
0
0
0
0
0
0
0
0
0
0
0
0
1
1
1
0
0
0
0
1
3
0
2
10
0
0
0
0
0
0
1
1
0
0
0
0
0
0
3
1
0
1
14
0
2
0
0
0
0
0
1
0
0
0
0
2
0
0
0
0
1
0
1
0
1
0
0
2
0
0
69
7
13
15
0
8
3
0
1
0
0
0
0
0
0
0
0
0
0
1
0
7
2
0
0
0
0
0
0
0
0
0
0
0
0
0
0
0
1
1
1
1
0
0
0
0
0
0
3
21
15
2
5
8
2
3
41
2
0
1
1
0
0
0
0
0
0
0
1
0
0
1
0
0
0
1
2
0
1
1
0
0
0
0
0
0
37
22
4
4
5
0
13
0
0
0
0
12
4
0
23
24
0
0
0
0
0
0
0
0
0
0
0
0
0
0
0
0
0
0
0
1
3
0
0
0
1
2
1
0
1
0
3
0
2
0
0
0
1
0
0
0
1
0
0
0
5
11
4
3
0
0
0
3
0
0
0
0
0
0
0
0
0
0
0
0
0
1
0
1
0
0
1
0
6
5
2
3
5
1
0
0
0
0
0
0
0
2
0
0
0
0
0
0
1
0
0
1
0
0
3
1
0
0
0
0
0
5
1
0
0
0
0
1
6
0
0
1
0
0
0
0
0
1
12
13
0
0
0
0
0
0
0
0
0
0
0
0
0
0
5
0
4
1
0
0
0
0
32
0
4
0
0
0
1
1
0
0
0
0
0
0
0
0
0
0
0
0
0
0
0
0
41
17
20
3
11
0
10
1
1
0
3
1
0
0
1
0
0
0
0
2
0
0
2
0
2
1
0
0
0
0
0
1
0
1
1
0
1
1
1
0
0
0
0
0
0
0
0
0
0
0
1
0
0
2
43
12
0
1
0
0
0
4
3
4
1
0
3
4
0
0
0
0
0
0
0
8
38
15
0
0
0
0
0
1
0
0
0
0
0
2
0
0
0
0
0
2
0
0
0
0
6
0
0
4
0
19
5
2
0
2
1
0
1
0
1
0
0
0
0
0
0
0
0
0
0
0
0
3
2
0
1
0
0
0
0
0
0
0
0
0
0
0
0
15
5
0
0
34
8
0
0
0
0
0
3
4
4
0
0
1
2
0
1
2
1
0
0
0
23
3
0
1
0
2
1
0
4
2
5
0
2
2
0
0
0
0
0
0
0
0
0
0
1
0
0
1
0
0
0
0
0
0
0
0
0
0
