Rm	Date	part_0.5
142	39819	27
142	39819	31
144	39819	22
144	39819	114
144	39819	6
146	39819	201
146	39819	117
146	39819	12
147	39819	18
147	39819	94
158	39819	46
142	39820	3
142	39820	6
142	39820	3
142	39820	6
142	39821	268
142	39821	11
143	39821	16
144	39821	26
144	39821	206
144	39821	101
146	39821	12
146	39821	22
146	39821	4
146	39821	190
146	39821	3
146	39821	1
147	39821	93
147	39821	46
147	39821	312
147	39821	267
147	39822	36
147	39822	265
147	39822	25
147	39822	59
146	39825	71
146	39825	35
146	39825	29
146	39825	18
146	39825	9
146	39825	25
142	39826	47
142	39826	71
142	39826	53
142	39826	14
158	39826	2
142	39828	8
142	39828	67
146	39828	31
146	39828	14
146	39828	2
142	39829	0
142	39829	7
142	39829	1
142	39829	5
143	39829	12
144	39829	139
144	39829	303
144	39829	14
146	39829	20
146	39829	77
146	39829	17
146	39832	53
146	39832	228
146	39832	2
146	39832	59
146	39832	112
146	39832	6
146	39832	53
146	39832	228
146	39832	2
146	39832	59
146	39832	112
146	39832	6
142	39833	68
142	39833	10
142	39833	7
142	39833	35
146	39833	18
146	39833	61
146	39833	2
146	39833	68
146	39833	109
146	39833	32
147	39834	44
147	39834	298
147	39834	786
147	39834	12
158	39834	33
143	39835	42
144	39835	55
144	39835	217
144	39835	85
142	39836	3
142	39836	6
142	39836	8
142	39836	14
143	39836	428
144	39836	16
144	39836	122
144	39836	134
146	39836	35
146	39836	7
146	39836	21
146	39836	13
146	39836	8
146	39836	2
147	39836	6
147	39836	10
147	39836	6
147	39836	238
142	39839	14
142	39839	70
142	39839	15
142	39839	52
142	39839	35
142	39839	38
142	39839	12
142	39839	33
146	39839	7
146	39839	76
146	39839	3
146	39839	44
146	39839	46
146	39839	2
147	39840	11
147	39840	30
147	39840	5
147	39840	43
143	39841	361
144	39841	304
144	39841	683
144	39841	713
146	39841	22
146	39841	37
146	39841	90
146	39841	33
146	39841	22
146	39841	260
147	39841	565
147	39841	31
147	39841	14
147	39841	23
146	39842	43
146	39842	272
146	39842	10
146	39842	98
146	39842	3
146	39842	16
158	39842	10
142	39843	29
142	39843	22
142	39843	34
142	39843	32
142	39843	60
142	39843	64
142	39843	45
142	39843	152
143	39843	65
144	39843	706
144	39843	282
144	39843	799
146	39843	8
146	39843	87
146	39843	6
146	39843	13
146	39843	163
146	39843	8
146	39843	8
146	39843	87
146	39843	6
146	39843	13
146	39843	163
146	39843	8
142	39846	12
142	39846	25
142	39846	6
142	39846	10
142	39847	22
142	39847	4
142	39847	22
142	39847	3
142	39848	31
142	39848	2
142	39848	25
142	39848	45
142	39848	31
142	39848	2
143	39849	67
144	39849	67
144	39849	140
144	39849	61
146	39849	128
146	39849	85
146	39849	68
146	39849	79
146	39849	104
146	39849	32
147	39849	89
147	39849	47
142	39850	17
142	39850	16
142	39850	33
142	39850	43
143	39850	190
144	39850	63
144	39850	168
144	39850	44
147	39850	31
147	39850	149
158	39850	5
142	39853	2
142	39853	0
142	39853	3
142	39853	6
158	39853	12
146	39854	17
146	39854	10
146	39854	8
146	39854	25
146	39854	36
146	39854	2
147	39854	249
147	39854	14
142	39855	4
142	39855	145
142	39855	6
142	39855	4
146	39855	16
146	39855	14
146	39855	14
146	39855	39
146	39855	10
146	39855	5
143	39856	9
144	39856	17
144	39856	180
144	39856	18
146	39856	87
146	39856	23
146	39856	6
146	39856	101
146	39856	1
146	39856	9
147	39856	29
147	39856	385
143	39857	91
144	39857	143
144	39857	130
144	39857	73
146	39857	55
146	39857	73
146	39857	17
146	39857	143
146	39857	74
146	39857	30
146	39860	53
146	39860	17
146	39860	31
146	39860	30
146	39860	3
146	39860	22
147	39861	198
147	39861	47
147	39861	121
147	39861	220
158	39861	108
143	39862	183
144	39862	30
144	39862	23
144	39862	57
146	39862	40
146	39862	42
146	39862	14
146	39862	9
146	39862	12
146	39862	18
142	39863	31
142	39863	29
142	39863	3
142	39863	18
143	39863	169
144	39863	24
144	39863	50
144	39863	9
146	39863	28
146	39863	284
146	39863	16
146	39863	21
146	39863	11
146	39863	121
147	39863	89
147	39863	201
147	39863	19
147	39863	31
142	39864	85
142	39864	33
142	39864	2
142	39864	15
142	39864	14
142	39864	82
142	39864	3
142	39864	25
146	39867	5
146	39867	19
146	39867	9
146	39867	22
146	39867	8
146	39867	10
142	39868	6
142	39868	22
142	39868	18
142	39868	171
146	39868	108
146	39868	171
146	39868	55
146	39868	147
146	39868	161
146	39868	17
142	39869	7
142	39869	1
142	39869	5
142	39869	7
143	39869	173
144	39869	244
144	39869	466
144	39869	385
144	39869	244
144	39869	466
144	39869	385
146	39869	220
146	39869	44
146	39869	4
146	39869	194
146	39869	102
146	39869	44
142	39870	85
142	39870	4
142	39870	31
142	39870	2
146	39870	269
146	39870	34
146	39870	12
146	39870	24
146	39870	47
146	39870	269
147	39870	16
147	39870	18
147	39870	144
142	39871	92
142	39871	0
142	39871	45
142	39871	69
143	39871	311
144	39871	103
144	39871	449
144	39871	178
147	39871	98
147	39871	15
158	39871	5
144	39874	50
144	39874	162
144	39874	38
146	39874	43
146	39874	28
146	39874	21
146	39874	31
146	39874	6
146	39874	6
147	39874	365
147	39874	42
158	39874	24
146	39875	98
146	39875	102
146	39875	53
146	39875	160
146	39875	108
146	39875	80
142	39876	11
142	39876	17
142	39876	9
142	39876	7
143	39876	190
143	39876	190
143	39876	190
146	39876	105
146	39876	33
146	39876	27
146	39876	0
146	39876	43
146	39876	7
146	39876	31
146	39876	0
143	39878	128
144	39878	425
144	39878	174
144	39878	162
147	39878	422
147	39878	17
147	39881	20
147	39881	120
147	39881	10
147	39881	82
147	39882	490
147	39882	21
142	39883	2
142	39883	21
142	39883	3
142	39883	70
143	39883	136
144	39883	426
144	39883	4743
144	39883	620
158	39883	55
142	39885	134
142	39885	1
143	39885	174
144	39885	71
144	39885	45
144	39885	46
147	39885	7
147	39885	61
142	39888	9
142	39888	60
142	39888	43
142	39888	37
142	39889	1
142	39889	3
147	39889	75
147	39889	41
147	39889	52
147	39889	111
147	39890	36
147	39890	5
142	39891	73
142	39891	89
142	39891	8
142	39891	29
142	39891	7
142	39891	29
142	39891	73
142	39891	89
143	39891	944
144	39891	366
144	39891	138
144	39891	256
147	39891	164
147	39891	44
143	39892	59
144	39892	34
144	39892	257
144	39892	537
147	39892	48
147	39892	8
147	39892	21
147	39892	20
158	39892	51
146	39895	114
146	39895	139
146	39895	40
146	39895	181
146	39895	245
146	39895	13
147	39895	83
147	39895	3
147	39895	22
147	39895	28
144	39896	44
144	39896	171
144	39896	47
147	39896	51
147	39896	664
147	39896	79
147	39896	14
142	39897	13
142	39897	2
143	39897	68
142	39898	0
142	39898	2
142	39898	6
142	39898	2
142	39898	0
142	39898	140
146	39898	8
146	39898	19
146	39898	4
146	39898	282
146	39898	115
146	39898	8
158	39898	12
146	39899	14
146	39899	12
146	39899	74
146	39899	2
146	39899	7
146	39899	5
147	39902	147
147	39902	33
147	39902	57
147	39902	9
142	39903	20
142	39903	7
143	39903	72
144	39903	19
144	39903	124
144	39903	46
146	39903	19
146	39903	11
146	39903	1
146	39903	18
146	39903	7
146	39903	14
146	39903	13
146	39903	1
146	39903	0
147	39903	13
147	39903	79
142	39905	28
142	39905	62
144	39905	185
144	39905	113
144	39905	63
147	39906	36
147	39906	24
147	39906	127
147	39906	116
158	39906	12
158	39923	218
146	39924	11
146	39924	10
146	39924	10
146	39924	139
146	39924	47
146	39924	5
133	39925	0
142	39925	92
142	39925	247
143	39925	1522
144	39925	3057
144	39925	12338
144	39925	1741
146	39925	294
146	39925	438
146	39925	78
146	39925	57
146	39925	905
146	39925	23
147	39925	757
147	39925	178
147	39925	41
147	39925	273
129	39926	0
142	39926	88
142	39926	318
143	39926	15108
143	39926	15108
144	39926	209
144	39926	660
144	39926	180
146	39926	92
146	39926	897
146	39926	20
146	39926	169
146	39926	630
146	39926	51
147	39926	338
147	39926	200
156	39926	11
146	39927	614
146	39927	2146
146	39927	2
146	39927	179
146	39927	760
146	39927	333
147	39927	230
147	39927	403
147	39927	230
147	39927	0
147	39927	6
147	39927	0
147	39927	403
147	39927	0
147	39927	6
147	39927	8
153	39927	0
153	39927	0
133	39930	0
146	39930	456
146	39930	360
146	39930	77
146	39930	1168
146	39930	1788
146	39930	16
147	39930	1008
147	39930	1205
146	39931	4612
146	39931	2247
146	39931	670
146	39931	1594
146	39931	822
146	39931	1068
147	39931	3724
147	39931	4113
153	39931	0
156	39931	0
142	39932	38
142	39932	33
143	39932	851
144	39932	1144
144	39932	2153
144	39932	1749
144	39932	3138
144	39932	4925
144	39932	4743
146	39932	432
146	39932	1877
146	39932	166
146	39932	1799
146	39932	1796
146	39932	542
146	39933	1762
146	39933	311
146	39933	50
146	39933	719
146	39933	1660
146	39933	39
146	39933	1762
146	39933	3113
146	39933	55
142	39934	87
142	39934	0
143	39934	9386
144	39934	929
144	39934	2082
144	39934	1871
146	39934	565
146	39934	353
146	39934	26
146	39934	463
146	39934	1647
146	39934	54
158	39934	9
129	39935	0
135	39935	0
133	39937	0
142	39938	398
142	39938	438
142	39938	0
142	39938	7605
158	39938	232
129	39940	3
142	39940	575
142	39940	328
142	39940	0
142	39940	265
142	39940	300
142	39940	14
143	39941	2003
144	39941	0
144	39941	2132
144	39941	1129
146	39941	2197
146	39941	1578
146	39941	377
153	39941	0
153	39941	1
156	39941	0
143	39942	1007
144	39942	698
144	39942	2654
144	39942	467
129	39945	7
133	39945	0
142	39945	976
142	39945	877
144	39945	11359
144	39945	15622
144	39945	8625
146	39945	5522
146	39945	3923
146	39945	421
146	39945	549
146	39945	1997
146	39945	122
153	39945	0
146	39946	1043
146	39946	81
146	39946	161
146	39946	2239
146	39946	138
146	39946	3231
147	39946	5287
147	39946	4900
146	39947	835
146	39947	394
146	39947	336
146	39947	1651
146	39947	769
146	39947	138
146	39947	835
146	39947	394
146	39947	336
146	39947	1651
146	39947	769
146	39947	138
147	39947	2516
147	39947	4176
153	39947	0
156	39947	409
158	39947	302
129	39948	0
135	39948	0
156	39948	3
142	39949	152
142	39949	125
143	39949	498
144	39949	280
144	39949	910
144	39949	290
129	39951	0
135	39951	0
156	39951	10
142	39952	240
142	39952	105
143	39952	20167
144	39952	452
144	39952	1285
144	39952	707
129	39953	0
133	39953	0
153	39953	4
133	39954	0
133	39954	0
146	39954	3964
146	39954	3379
146	39954	783
146	39954	2862
146	39954	5413
146	39954	721
147	39954	5028
147	39954	2214
147	39954	2506
147	39954	1094
153	39954	0
158	39954	1436
135	39955	0
142	39955	730
142	39955	464
143	39955	1161
144	39955	948
144	39955	4319
144	39955	3132
153	39955	0
156	39955	0
158	39955	311
129	39959	0
129	39959	0
135	39959	0
146	39959	14340
146	39959	3851
146	39959	809
147	39959	823
147	39959	308
147	39959	2435
147	39959	1522
156	39959	0
129	39961	0
133	39961	0
142	39961	1129
142	39961	249
143	39961	8140
144	39961	11408
144	39961	13266
144	39961	2658
146	39961	834
146	39961	2174
146	39961	381
153	39961	0
158	39961	856
133	39962	0
135	39962	0
142	39962	338
142	39962	130
143	39962	119
144	39962	243
144	39962	559
144	39962	418
146	39962	1136
146	39962	27
146	39962	55
147	39962	422
147	39962	269
156	39962	28
158	39962	826
135	39963	0
129	39965	162
135	39965	0
147	39965	1103
147	39965	0
147	39965	0
147	39965	0
147	39965	3432
147	39965	0
147	39965	1
156	39965	0
147	39966	3128
147	39966	3
147	39966	5
147	39966	649
147	39966	0
147	39966	59
129	39967	0
133	39967	0
146	39967	2738
146	39967	1420
146	39967	868
146	39967	2418
146	39967	1542
146	39967	348
153	39967	0
133	39968	0
142	39968	510
142	39968	744
143	39968	53677
144	39968	33
144	39968	170
144	39968	115
146	39968	2021
146	39968	207
146	39968	176
146	39968	234
146	39968	343
146	39968	32
147	39968	3334
147	39968	0
147	39968	0
147	39968	6212
147	39968	0
147	39968	0
153	39968	0
158	39968	630
135	39969	0
146	39969	1503
146	39969	1501
146	39969	684
146	39969	1948
146	39969	743
146	39969	279
147	39969	2183
147	39969	662
147	39969	2681
147	39969	788
156	39969	3
158	39969	5290
142	39970	222
142	39970	1178
143	39970	2030
144	39970	230
144	39970	61
144	39970	2006
135	39972	3
146	39972	1486
146	39972	1850
146	39972	149
146	39972	889
146	39972	202
146	39972	672
147	39972	1835
147	39972	0
147	39972	37
147	39972	0
147	39972	1200
147	39972	3
147	39972	0
147	39972	0
147	39972	1206
147	39972	39
147	39972	5
147	39972	1085
147	39972	10
147	39972	0
156	39972	1
158	39972	1766
129	39973	0
135	39973	0
146	39973	4199
146	39973	10022
146	39973	1056
146	39973	2875
146	39973	688
146	39973	200
147	39973	4826
147	39973	6180
156	39973	0
142	39974	312
142	39974	197
143	39974	1058
144	39974	995
144	39974	1917
144	39974	352
129	39975	0
133	39975	0
142	39975	7
142	39975	211
142	39975	153
142	39975	142
142	39975	204
142	39975	311
142	39975	2890
142	39975	467
142	39975	388
142	39975	689
153	39975	0
133	39976	0
146	39976	1313
146	39976	1137
146	39976	373
146	39976	197
146	39976	16
146	39976	844
147	39976	2749
147	39976	861
147	39976	3171
147	39976	1448
147	39976	1544
147	39976	2232
147	39976	7204
147	39976	7628
153	39976	0
158	39976	17
143	39977	2003
144	39977	832
144	39977	412
144	39977	268
133	39979	0
146	39979	808
146	39979	1181
146	39979	79
146	39979	2164
146	39979	134
146	39979	148
147	39979	1489
147	39979	1686
147	39979	1035
147	39979	3149
153	39979	0
158	39979	1233
135	39980	0
144	39980	1108
144	39980	948
144	39980	784
146	39980	945
146	39980	1042
146	39980	235
146	39980	1083
146	39980	1150
146	39980	165
147	39980	2317
147	39980	1408
147	39980	39
147	39980	42
158	39980	684
129	39981	0
135	39981	0
143	39981	8105
146	39981	6283
146	39981	488
146	39981	1615
146	39981	1575
146	39981	196
146	39981	321
147	39981	6106
147	39981	536
147	39981	1492
147	39981	1491
156	39981	0
146	39982	1919
146	39982	635
146	39982	439
146	39982	158
146	39982	821
146	39982	149
147	39982	3157
147	39982	30
147	39982	0
147	39982	16533
147	39982	5
147	39982	24
147	39982	0
147	39982	1359
147	39982	1147
147	39982	2529
147	39982	1980
156	39982	6
129	39983	0
133	39983	0
147	39983	8286
147	39983	1880
147	39983	727
147	39983	4762
153	39983	0
142	39984	130
142	39984	187
143	39984	829
144	39984	4343
144	39984	8580
144	39984	1454
129	39986	0
129	39986	0
133	39986	0
133	39986	0
142	39986	2258
142	39986	107
143	39986	3066
146	39986	216
146	39986	305
146	39986	69
146	39986	405
146	39986	123
146	39986	94
147	39986	1933
147	39986	1030
147	39986	458
147	39986	2692
153	39986	1
153	39986	1
133	39987	0
144	39987	761
144	39987	4156
144	39987	1118
147	39987	1233
147	39987	290
147	39987	108
147	39987	121
147	39987	3081
147	39987	1401
147	39987	2183
147	39987	1278
153	39987	1
158	39987	2382
135	39988	0
147	39988	5079
147	39988	2065
147	39988	1378
147	39988	2996
156	39988	0
129	39989	0
135	39989	0
143	39989	5367
144	39989	5889
144	39989	6657
144	39989	3685
146	39989	2800
146	39989	1271
146	39989	322
146	39989	1536
146	39989	419
146	39989	3796
146	39989	771
146	39989	865
146	39989	200
156	39989	0
158	39989	0
142	39990	45
142	39990	345
146	39990	1260
146	39990	3376
146	39990	856
147	39990	1881
147	39990	1051
147	39990	0
147	39990	0
147	39990	8087
147	39990	4067
147	39990	0
147	39990	1
146	39993	684
146	39993	189
146	39993	2357
146	39993	878
146	39993	449
146	39993	86
146	39993	298
146	39993	529
146	39993	24
146	39993	581
146	39993	799
146	39993	229
147	39993	5973
147	39993	4974
147	39993	569
147	39993	434
133	39994	0
146	39994	17379
146	39994	10795
146	39994	2821
146	39994	1395
146	39994	585
146	39994	512
129	39995	0
133	39995	3
135	39995	2
142	39995	109
142	39995	62
143	39995	4729
144	39995	1407
144	39995	2640
144	39995	810
147	39995	897
147	39995	192
153	39995	2
156	39995	5
158	39995	79
129	39996	1
142	39996	33
142	39996	2
143	39996	305
144	39996	461
144	39996	468
144	39996	171
156	39996	6
158	39996	106
147	40000	3216
147	40000	2144
147	40000	531
147	40000	335
129	40001	0
133	40001	0
146	40001	7284
146	40001	5278
146	40001	536
146	40001	985
146	40001	4225
146	40001	25
153	40001	19
133	40002	0
142	40002	3
142	40002	7
143	40002	141
144	40002	166
144	40002	330
144	40002	138
153	40002	0
158	40002	188
146	40003	1630
146	40003	677
146	40003	88
146	40003	609
146	40003	2644
146	40003	62
156	40003	0
158	40003	1030
129	40004	1
133	40004	0
135	40004	0
142	40004	143
142	40004	286
143	40004	2720
144	40004	840
144	40004	1647
144	40004	1125
147	40004	917
147	40004	786
156	40004	7
129	40007	1
135	40007	0
147	40007	917
147	40007	3177
147	40007	4105
147	40007	2744
156	40007	1
142	40008	286
142	40008	321
142	40008	436
142	40008	499
129	40009	0
133	40009	0
153	40009	2
143	40010	3152
146	40010	7211
146	40010	3263
146	40010	1831
158	40010	763
135	40011	0
156	40011	0
158	40011	186
142	40012	399
142	40012	229
143	40012	1270
144	40012	958
144	40012	2081
144	40012	585
146	40012	2775
146	40012	1127
146	40012	339
135	40014	0
156	40014	0
129	40016	9
142	40016	848
142	40016	1141
142	40016	463
142	40016	517
133	40017	0
153	40017	0
133	40018	0
142	40018	70
142	40018	348
143	40018	1095
144	40018	387
144	40018	126
144	40018	7555
146	40018	322
146	40018	61
146	40018	132
147	40018	368
147	40018	1196
153	40018	17
158	40018	208
144	40019	107
144	40019	646
144	40019	625
146	40019	185
146	40019	16
146	40019	22
147	40019	1223
147	40019	1141
129	40021	1
135	40021	0
147	40021	1018
147	40021	961
147	40021	1869
147	40021	1413
156	40021	5
135	40022	0
142	40022	1169
142	40022	2220
142	40022	479
142	40022	828
143	40022	775
144	40022	1775
144	40022	3574
144	40022	2432
146	40022	4555
146	40022	3030
146	40022	248
156	40022	1
158	40022	3236
133	40023	0
153	40023	0
129	40024	0
142	40024	1037
142	40024	1344
142	40024	185
142	40024	459
143	40024	1858
144	40024	2410
144	40024	13436
144	40024	7502
147	40024	2106
147	40024	2699
147	40024	3157
147	40024	4078
133	40025	0
153	40025	0
133	40028	0
142	40028	395
142	40028	822
143	40028	2001
144	40028	1715
144	40028	2131
144	40028	1282
153	40028	2
158	40028	196
129	40029	0
135	40029	0
146	40029	2231
146	40029	712
146	40029	133
147	40029	2219
147	40029	2525
147	40029	1774
147	40029	6118
156	40029	4
135	40030	1
142	40030	192
142	40030	1315
143	40030	1640
144	40030	4902
144	40030	6412
144	40030	5483
146	40030	732
146	40030	116
146	40030	21
146	40030	1604
146	40030	2495
146	40030	137
156	40030	5
158	40030	61
129	40031	0
133	40032	0
153	40032	0
142	40035	41
142	40035	193
143	40035	37197
144	40035	765
144	40035	963
144	40035	390
146	40035	676
146	40035	1503
146	40035	186
146	40035	571
146	40035	317
146	40035	520
142	40037	5
142	40037	14
143	40037	833
144	40037	130
144	40037	396
144	40037	94
146	40037	373
146	40037	950
146	40037	26
146	40037	182
146	40037	187
146	40037	24
135	40038	0
146	40038	1914
146	40038	1385
146	40038	147
146	40038	2113
146	40038	585
146	40038	238
156	40038	0
158	40038	2752
147	40039	2224
147	40039	1036
147	40039	544
147	40039	156
147	40039	263
147	40039	135
156	40039	3
129	40042	0
146	40042	746
146	40042	254
146	40042	172
146	40042	462
146	40042	20
146	40042	32
133	40043	0
146	40043	479
146	40043	188
146	40043	290
146	40043	322
146	40043	202
146	40043	96
153	40043	0
133	40044	0
142	40044	9
142	40044	10
143	40044	689
144	40044	240
144	40044	218
144	40044	326
146	40044	836
146	40044	1121
146	40044	2626
146	40044	155
146	40044	157
146	40044	170
153	40044	0
158	40044	783
129	40045	0
135	40045	1
147	40045	1976
147	40045	593
147	40045	1517
147	40045	540
156	40045	0
135	40046	0
142	40046	113
142	40046	60
143	40046	2102
144	40046	1187
144	40046	1219
144	40046	208
156	40046	37
158	40046	261
135	40049	0
147	40049	2056
147	40049	2284
147	40049	1053
147	40049	1404
156	40049	0
158	40049	144
129	40050	0
146	40050	3156
146	40050	2503
146	40050	161
146	40050	3262
146	40050	6072
146	40050	417
133	40051	10
142	40051	190
142	40051	245
144	40051	179
144	40051	477
144	40051	133
146	40051	1240
146	40051	643
146	40051	389
146	40051	567
146	40051	757
146	40051	28
153	40051	2
133	40052	3
142	40052	1096
142	40052	258
142	40052	262
142	40052	263
143	40052	3544
144	40052	1546
144	40052	612
144	40052	1079
153	40052	0
158	40052	89
135	40053	0
143	40053	298
156	40053	1
135	40056	0
142	40056	3
142	40056	57
143	40056	1483
144	40056	340
144	40056	1689
144	40056	2841
146	40056	1395
146	40056	530
146	40056	869
146	40056	904
146	40056	100
146	40056	5
156	40056	7
158	40056	499
135	40057	0
142	40057	117
142	40057	603
142	40057	12
144	40057	7469
144	40057	8478
144	40057	9326
146	40057	37
147	40057	31
147	40057	1460
147	40057	243
147	40057	3808
147	40057	5220
156	40057	0
129	40058	0
133	40058	139
146	40058	297
146	40058	155
146	40058	12
146	40058	110
146	40058	4
146	40058	89
158	40058	989
133	40059	0
146	40059	780
146	40059	214
146	40059	444
146	40059	207
146	40059	365
146	40059	1
153	40059	0
129	40060	1
143	40060	237
146	40060	419
146	40060	200
146	40060	65
146	40060	902
146	40060	483
146	40060	27
147	40060	831
147	40060	531
147	40060	1791
147	40060	1594
153	40060	41
135	40064	0
146	40064	755
146	40064	636
146	40064	279
146	40064	206
146	40064	94
146	40064	157
147	40064	638
147	40064	554
147	40064	416
147	40064	311
156	40064	0
129	40065	0
135	40065	0
142	40065	1124
142	40065	727
142	40065	284
142	40065	312
143	40065	1727
144	40065	7008
144	40065	9021
144	40065	5014
146	40065	9527
146	40065	9090
146	40065	700
146	40065	5809
146	40065	5791
146	40065	1131
156	40065	0
158	40065	421
133	40066	0
146	40066	3614
146	40066	1202
146	40066	2589
146	40066	351
146	40066	400
146	40066	20
147	40066	371
147	40066	90
147	40066	360
147	40066	103
158	40066	76
129	40067	0
133	40067	0
142	40067	1
142	40067	8
143	40067	728
144	40067	1269
144	40067	1309
144	40067	179
147	40067	2179
147	40067	897
147	40067	2310
147	40067	2914
147	40068	1749
147	40068	1673
147	40068	1363
147	40068	772
129	40070	0
142	40070	189
142	40070	286
143	40070	2309
144	40070	465
144	40070	641
144	40070	324
146	40070	219
146	40070	66
146	40070	237
146	40070	42
146	40070	52
146	40070	18
153	40070	2
135	40071	0
143	40071	4528
144	40071	6623
144	40071	14784
144	40071	6015
147	40071	4341
147	40071	1152
147	40071	1165
147	40071	3255
156	40071	3
135	40072	0
146	40072	257
146	40072	156
146	40072	7
146	40072	276
146	40072	351
146	40072	17
147	40072	1738
147	40072	1071
147	40072	1169
147	40072	569
156	40072	0
158	40072	305
129	40073	0
133	40073	0
146	40073	1320
146	40073	1439
146	40073	448
146	40073	1863
146	40073	3015
146	40073	34
147	40073	918
147	40073	714
147	40073	23
147	40073	35
158	40073	1747
133	40074	0
146	40074	928
146	40074	562
146	40074	410
146	40074	1574
146	40074	1717
146	40074	539
153	40074	0
133	40077	0
146	40077	446
146	40077	627
146	40077	645
146	40077	1069
146	40077	875
146	40077	138
153	40077	0
153	40077	0
156	40077	0
129	40078	0
142	40078	329
142	40078	221
142	40078	433
142	40078	690
143	40078	542
144	40078	1350
144	40078	2582
144	40078	20582
147	40078	2368
147	40078	7114
153	40078	0
135	40079	0
142	40079	20
142	40079	24
143	40079	951
144	40079	828
144	40079	11
144	40079	1102
147	40079	123
147	40079	122
147	40079	402
147	40079	102
153	40079	0
135	40080	0
146	40080	4555
146	40080	3228
146	40080	583
146	40080	574
146	40080	1114
146	40080	2
156	40080	7
158	40080	2883
146	40081	584
146	40081	851
146	40081	105
146	40081	725
146	40081	458
146	40081	9
129	40084	0
133	40084	0
146	40084	4147
146	40084	3429
146	40084	151
146	40084	531
146	40084	673
146	40084	196
158	40084	243
146	40085	1988
146	40085	2195
146	40085	227
146	40085	3409
146	40085	531
146	40085	6060
129	40086	0
142	40086	54
142	40086	64
142	40086	156
142	40086	93
147	40086	909
147	40086	957
147	40086	184
147	40086	56
153	40086	0
135	40087	0
142	40087	61
142	40087	64
143	40087	98
144	40087	345
144	40087	235
144	40087	468
147	40087	1804
147	40087	609
147	40087	1677
147	40087	899
153	40087	10
133	40088	0
135	40088	0
143	40088	924
144	40088	381
144	40088	196
144	40088	35
158	40088	349
156	40089	1
135	40091	0
147	40091	845
147	40091	1500
147	40091	622
147	40091	1196
156	40091	0
158	40091	465
129	40092	0
133	40092	0
158	40092	92
133	40093	0
147	40093	1645
147	40093	747
147	40093	1818
147	40093	837
156	40093	0
129	40094	0
142	40094	27
142	40094	25
143	40094	366
144	40094	843
144	40094	6089
144	40094	1252
146	40094	390
146	40094	137
146	40094	71
147	40094	757
147	40094	831
147	40094	712
147	40094	181
153	40094	0
135	40095	0
142	40095	25
142	40095	2
142	40095	3
143	40095	5894
144	40095	5969
144	40095	465
144	40095	4757
146	40095	325
146	40095	155
146	40095	290
147	40095	3455
147	40095	2322
147	40095	53
147	40095	38
153	40095	0
135	40098	0
153	40098	0
135	40099	0
147	40099	471
147	40099	793
147	40099	1225
147	40099	2270
156	40099	4
158	40099	1239
129	40100	0
133	40100	0
142	40100	700
142	40100	163
143	40100	1025
144	40100	5026
144	40100	11918
144	40100	8069
146	40100	13901
146	40100	5757
146	40100	2355
158	40100	371
133	40101	0
147	40101	1593
147	40101	777
147	40101	1225
147	40101	1244
156	40101	0
129	40102	0
142	40102	16
143	40102	133
144	40102	263
144	40102	469
144	40102	654
146	40102	36
146	40102	91
146	40102	0
153	40102	0
129	40105	0
153	40105	0
135	40106	0
142	40106	73
142	40106	43
143	40106	9096
144	40106	2887
144	40106	7366
144	40106	5488
146	40106	5357
146	40106	6559
146	40106	754
146	40106	3856
146	40106	1927
146	40106	167
153	40106	0
135	40107	0
143	40107	6976
144	40107	710
144	40107	1849
144	40107	401
146	40107	871
146	40107	634
146	40107	1340
146	40107	1168
146	40107	1148
146	40107	300
156	40107	0
158	40107	91
133	40108	0
147	40108	313
147	40108	188
147	40108	503
147	40108	495
156	40108	0
158	40108	789
127	40109	0
129	40109	0
133	40109	0
127	40112	0
133	40112	0
147	40112	1319
147	40112	387
147	40112	2209
147	40112	1417
156	40112	1
129	40113	0
142	40113	2
142	40113	14
143	40113	152
144	40113	624
144	40113	350
144	40113	379
146	40113	726
146	40113	262
146	40113	141
146	40113	309
146	40113	260
146	40113	419
153	40113	0
135	40114	0
142	40114	121
142	40114	10
142	40114	810
142	40114	110
156	40114	0
143	40115	2852
144	40115	2570
144	40115	8497
144	40115	2112
146	40115	309
146	40115	939
146	40115	467
147	40115	635
147	40115	1430
147	40115	888
147	40115	1425
129	40116	11
133	40116	0
158	40116	805
133	40119	0
158	40119	826
129	40120	0
131	40120	267
147	40120	2256
147	40120	2652
147	40120	1291
147	40120	3070
153	40120	0
147	40121	600
147	40121	412
147	40121	1039
147	40121	1128
156	40121	0
133	40122	0
135	40122	0
142	40122	8
142	40122	12
143	40122	286
144	40122	26
144	40122	263
144	40122	230
146	40122	96
146	40122	28
146	40122	54
147	40122	553
147	40122	631
147	40122	814
147	40122	1077
156	40122	0
129	40123	12
135	40123	0
142	40123	4
142	40123	16
143	40123	123
144	40123	112
144	40123	410
144	40123	74
146	40123	20
146	40123	1
146	40123	0
153	40123	4
158	40123	460
129	40126	0
158	40126	257
133	40127	0
143	40127	5845
144	40127	4316
144	40127	11071
144	40127	2735
146	40127	6222
146	40127	3147
146	40127	447
147	40127	6278
147	40127	5404
158	40127	2065
143	40128	124
144	40128	6180
144	40128	5898
144	40128	569
146	40128	142
146	40128	9
146	40128	17
147	40128	662
147	40128	176
156	40128	39
127	40129	0
133	40129	0
153	40129	0
129	40130	4
135	40130	0
147	40130	346
147	40130	212
156	40130	1
133	40133	0
135	40133	0
156	40133	21
129	40134	0
131	40134	0
135	40134	0
142	40134	377
142	40134	487
143	40134	2324
144	40134	1004
144	40134	3205
144	40134	1731
158	40134	0
131	40135	200
133	40135	2
142	40135	194
142	40135	104
143	40135	271
144	40135	642
144	40135	1539
144	40135	423
146	40135	972
146	40135	250
146	40135	65
146	40135	3208
146	40135	1741
146	40135	192
147	40135	1197
147	40135	686
153	40135	0
158	40135	252
127	40136	0
146	40136	28
146	40136	55
146	40136	23
146	40136	898
146	40136	192
146	40136	229
147	40136	3687
147	40136	4156
147	40136	1069
147	40136	1039
156	40136	157
129	40137	4
146	40137	451
146	40137	347
146	40137	850
146	40137	20
146	40137	23
146	40137	1
147	40137	521
147	40137	615
147	40137	476
147	40137	524
153	40137	0
142	40140	207
142	40140	799
142	40140	1105
142	40140	182
143	40140	603
144	40140	1821
144	40140	9741
144	40140	795
146	40140	458
146	40140	182
146	40140	191
147	40140	218
147	40140	208
153	40140	0
156	40140	6
127	40141	2
133	40141	0
135	40141	0
129	40142	0
131	40142	0
142	40142	1
142	40142	0
143	40142	122
144	40142	31
144	40142	2
144	40142	154
146	40142	177
146	40142	12
146	40142	1
147	40142	136
147	40142	116
158	40142	44
127	40147	0
133	40147	0
142	40147	4
146	40147	7
147	40147	10
158	40147	64
127	40148	9
133	40148	0
156	40148	11
127	40149	0
129	40149	0
131	40149	8
142	40149	0
142	40149	6
143	40149	3347
144	40149	754
144	40149	2047
144	40149	1739
146	40149	1627
146	40149	8719
146	40149	352
146	40149	2743
146	40149	2356
146	40149	881
147	40149	379
147	40149	650
153	40149	0
127	40150	0
131	40150	4
135	40150	0
142	40150	22
142	40150	79
144	40150	1775
144	40150	5794
144	40150	5456
146	40150	297
146	40150	21
146	40150	63
147	40150	2376
147	40150	763
147	40150	1011
147	40150	2214
153	40150	0
129	40151	2
135	40151	0
143	40151	1813
156	40151	4
158	40151	2
127	40154	0
129	40154	0
135	40154	4
158	40154	56
127	40156	0
131	40156	5
142	40156	223
142	40156	1453
143	40156	261
144	40156	1739
144	40156	5609
144	40156	771
146	40156	832
146	40156	318
146	40156	527
147	40156	1112
147	40156	1672
156	40156	65
127	40157	0
129	40157	0
133	40157	0
153	40157	0
131	40158	2
135	40158	0
142	40158	17
142	40158	85
143	40158	2527
144	40158	3297
144	40158	7902
144	40158	2571
146	40158	100
146	40158	43
146	40158	26
147	40158	15335
147	40158	8953
147	40158	3720
147	40158	3323
156	40158	1
131	40161	0
135	40161	0
146	40161	2623
146	40161	236
146	40161	1456
146	40161	244
146	40161	414
146	40161	1
156	40161	0
129	40162	342
135	40162	0
142	40162	197
142	40162	377
143	40162	3423
144	40162	2049
144	40162	4981
144	40162	2562
146	40162	7367
146	40162	2218
146	40162	1350
158	40162	3
133	40163	0
147	40163	2460
147	40163	1635
153	40163	42
158	40163	325
142	40164	27
142	40164	2
143	40164	40
144	40164	2143
144	40164	1506
144	40164	1146
129	40165	0
133	40165	0
153	40165	1
133	40168	0
142	40168	79
142	40168	274
143	40168	11105
144	40168	2732
144	40168	7016
144	40168	5700
127	40169	0
131	40169	0
135	40169	0
142	40169	9
142	40169	21
143	40169	87
144	40169	1277
144	40169	346
144	40169	214
129	40170	0
158	40170	58
127	40176	6
129	40176	7
131	40176	0
133	40176	1
135	40176	3
142	40176	180
142	40176	51
143	40176	1097
144	40176	2228
144	40176	3906
144	40176	3748
146	40176	2213
146	40176	3630
146	40176	1628
147	40176	1215
147	40176	640
158	40176	1566
