Rm Date	TAMC
142	39819	0
142	39819	0
142	39819	0
142	39819	0
142	39819	0
144	39819	0
144	39819	0
144	39819	0
144	39819	0
144	39819	1
144	39819	0
144	39819	0
144	39819	0
145	39819	0
145	39819	0
145	39819	0
146	39819	0
146	39819	0
146	39819	0
146	39819	0
146	39819	0
146	39819	0
147	39819	0
147	39819	0
147	39819	0
147	39819	0
147	39819	0
147	39819	0
147	39819	0
147	39819	1
158	39819	0
158	39819	0
158	39819	0
142	39820	0
142	39820	0
142	39820	0
142	39820	0
142	39820	0
142	39820	0
142	39820	0
142	39820	0
142	39820	0
142	39820	0
142	39821	0
142	39821	0
142	39821	0
142	39821	0
142	39821	0
143	39821	0
143	39821	0
143	39821	0
144	39821	0
144	39821	0
144	39821	0
144	39821	0
144	39821	0
144	39821	0
144	39821	0
144	39821	0
146	39821	0
146	39821	0
146	39821	0
146	39821	0
146	39821	0
146	39821	0
146	39821	0
147	39821	0
147	39821	0
147	39821	0
147	39821	0
147	39821	0
147	39821	0
147	39821	0
147	39821	0
147	39821	0
147	39821	0
147	39821	0
147	39821	0
147	39821	0
147	39821	0
147	39821	0
147	39821	0
147	39821	0
147	39821	0
147	39821	0
147	39821	0
147	39821	0
147	39821	0
147	39821	0
147	39821	0
147	39821	0
147	39821	0
147	39821	0
147	39821	0
147	39821	0
147	39821	0
147	39821	0
147	39821	0
147	39821	0
147	39821	0
141	39822	0
141	39822	0
141	39822	0
141	39822	0
141	39822	0
147	39822	0
147	39822	0
147	39822	0
147	39822	0
147	39822	0
147	39822	0
147	39822	0
147	39822	0
147	39822	0
147	39822	0
147	39822	0
147	39822	0
147	39822	0
147	39822	0
147	39822	0
147	39822	0
141	39825	0
141	39825	0
141	39825	0
141	39825	0
141	39825	0
146	39825	0
146	39825	0
146	39825	0
146	39825	0
146	39825	0
146	39825	0
146	39825	0
146	39825	0
146	39825	0
146	39825	0
142	39826	0
142	39826	0
142	39826	0
142	39826	0
142	39826	0
142	39826	0
142	39826	0
142	39826	0
142	39826	0
142	39826	0
142	39826	0
142	39826	0
142	39826	0
142	39826	0
142	39826	0
158	39826	0
158	39826	0
158	39826	0
142	39828	0
142	39828	0
142	39828	0
142	39828	0
142	39828	0
146	39828	0
146	39828	0
146	39828	0
146	39828	0
146	39828	0
146	39828	0
146	39828	0
142	39829	0
142	39829	0
142	39829	0
142	39829	0
142	39829	0
142	39829	0
142	39829	0
142	39829	0
142	39829	0
142	39829	0
143	39829	0
143	39829	0
143	39829	0
144	39829	0
144	39829	0
144	39829	1
144	39829	0
144	39829	0
144	39829	0
144	39829	0
144	39829	0
146	39829	0
146	39829	0
146	39829	0
146	39829	0
146	39829	0
146	39829	0
146	39829	0
146	39832	0
146	39832	0
146	39832	0
146	39832	0
146	39832	0
146	39832	0
146	39832	0
146	39832	0
146	39832	0
146	39832	0
146	39832	0
146	39832	0
146	39832	0
146	39832	0
141	39833	0
141	39833	0
141	39833	0
141	39833	0
141	39833	0
142	39833	0
142	39833	0
142	39833	0
142	39833	0
142	39833	0
142	39833	0
142	39833	0
142	39833	0
142	39833	0
142	39833	0
146	39833	0
146	39833	0
146	39833	0
146	39833	1
146	39833	0
146	39833	0
146	39833	0
146	39833	0
146	39833	0
146	39833	0
146	39833	0
146	39833	0
146	39833	0
146	39833	0
147	39834	0
147	39834	0
147	39834	0
147	39834	0
147	39834	0
147	39834	0
147	39834	0
147	39834	0
147	39834	0
147	39834	0
147	39834	0
147	39834	0
147	39834	0
147	39834	0
147	39834	0
147	39834	0
158	39834	0
158	39834	0
158	39834	0
143	39835	0
143	39835	0
143	39835	0
144	39835	0
144	39835	0
144	39835	0
144	39835	0
144	39835	0
144	39835	0
144	39835	0
144	39835	0
145	39835	0
145	39835	0
145	39835	0
146	39835	0
146	39835	0
146	39835	0
146	39835	0
146	39835	0
146	39835	0
146	39835	0
142	39836	0
142	39836	0
142	39836	0
142	39836	0
142	39836	0
142	39836	0
142	39836	0
142	39836	0
142	39836	0
142	39836	0
143	39836	0
143	39836	0
143	39836	0
144	39836	0
144	39836	0
144	39836	0
144	39836	0
144	39836	0
144	39836	0
144	39836	0
144	39836	0
145	39836	0
145	39836	0
145	39836	0
146	39836	0
146	39836	0
146	39836	0
146	39836	0
146	39836	0
146	39836	0
146	39836	0
146	39836	0
146	39836	0
146	39836	0
146	39836	0
146	39836	0
146	39836	0
146	39836	0
147	39836	0
147	39836	0
147	39836	0
147	39836	0
147	39836	0
147	39836	0
147	39836	0
147	39836	0
147	39836	0
147	39836	0
147	39836	0
147	39836	0
147	39836	0
147	39836	0
147	39836	0
147	39836	0
142	39839	0
142	39839	0
142	39839	0
142	39839	0
142	39839	0
142	39839	0
142	39839	0
142	39839	0
142	39839	0
142	39839	0
142	39839	0
142	39839	0
142	39839	0
142	39839	0
142	39839	0
142	39839	0
142	39839	0
142	39839	0
142	39839	0
142	39839	0
142	39839	0
142	39839	0
142	39839	0
142	39839	0
142	39839	0
142	39839	0
142	39839	0
142	39839	0
142	39839	0
142	39839	0
146	39839	0
146	39839	0
146	39839	0
146	39839	0
146	39839	0
146	39839	0
146	39839	0
146	39839	0
146	39839	0
146	39839	0
146	39839	0
146	39839	0
146	39839	0
146	39839	0
147	39840	0
147	39840	0
147	39840	0
147	39840	0
147	39840	0
147	39840	0
147	39840	0
147	39840	0
147	39840	0
147	39840	0
147	39840	0
147	39840	0
147	39840	0
147	39840	0
147	39840	0
147	39840	0
143	39841	0
143	39841	0
143	39841	0
144	39841	0
144	39841	0
144	39841	0
144	39841	0
144	39841	0
144	39841	0
144	39841	0
144	39841	0
145	39841	0
145	39841	0
145	39841	0
146	39841	0
146	39841	0
146	39841	0
146	39841	0
146	39841	0
146	39841	0
146	39841	0
146	39841	0
146	39841	0
146	39841	0
146	39841	0
146	39841	0
146	39841	0
146	39841	0
147	39841	0
147	39841	0
147	39841	0
147	39841	0
147	39841	0
147	39841	0
147	39841	0
147	39841	0
147	39841	0
147	39841	0
147	39841	0
147	39841	0
147	39841	0
147	39841	0
147	39841	0
147	39841	0
142	39842	0
142	39842	0
142	39842	0
142	39842	0
142	39842	0
142	39842	0
142	39842	0
142	39842	0
142	39842	0
142	39842	0
142	39842	0
142	39842	0
142	39842	0
142	39842	0
142	39842	0
142	39842	0
142	39842	0
142	39842	0
142	39842	0
142	39842	0
146	39842	0
146	39842	0
146	39842	0
146	39842	0
146	39842	0
146	39842	0
146	39842	0
146	39842	0
146	39842	0
146	39842	0
146	39842	0
146	39842	0
146	39842	0
146	39842	0
158	39842	0
158	39842	0
158	39842	0
141	39843	0
141	39843	0
141	39843	0
141	39843	0
141	39843	0
142	39843	0
142	39843	0
142	39843	0
142	39843	0
142	39843	0
142	39843	0
142	39843	0
142	39843	0
142	39843	0
142	39843	0
143	39843	0
143	39843	0
143	39843	1
144	39843	0
144	39843	0
144	39843	0
144	39843	0
144	39843	0
144	39843	0
144	39843	0
144	39843	0
146	39843	0
146	39843	0
146	39843	0
146	39843	0
146	39843	0
146	39843	0
146	39843	0
146	39843	0
146	39843	0
146	39843	0
146	39843	0
146	39843	0
146	39843	0
146	39843	0
146	39843	0
146	39843	0
146	39843	0
146	39843	0
146	39843	0
146	39843	0
146	39843	0
146	39843	0
146	39843	0
146	39843	0
146	39843	0
146	39843	0
146	39843	0
146	39843	0
142	39846	0
142	39846	0
142	39846	0
142	39846	0
142	39846	0
142	39846	0
142	39846	0
142	39846	0
142	39846	0
142	39846	0
142	39847	0
142	39847	0
142	39847	0
142	39847	0
142	39847	0
142	39847	0
146	39847	0
146	39847	0
146	39847	0
146	39847	0
146	39847	0
146	39847	0
146	39847	0
146	39847	0
146	39847	0
146	39847	0
146	39847	0
146	39847	0
146	39847	0
146	39847	0
142	39848	0
142	39848	0
142	39848	0
142	39848	0
142	39848	0
142	39848	0
142	39848	0
142	39848	0
142	39848	0
142	39848	0
142	39848	0
142	39848	0
142	39848	0
142	39848	0
142	39848	0
141	39849	0
141	39849	0
141	39849	0
141	39849	0
141	39849	16
143	39849	0
143	39849	0
143	39849	0
144	39849	0
144	39849	0
144	39849	0
144	39849	0
144	39849	0
144	39849	0
144	39849	0
144	39849	0
145	39849	0
145	39849	0
146	39849	0
146	39849	0
146	39849	0
146	39849	0
146	39849	0
146	39849	0
146	39849	0
146	39849	0
146	39849	0
146	39849	0
142	39850	0
142	39850	0
142	39850	0
142	39850	0
142	39850	0
142	39850	0
142	39850	0
142	39850	0
142	39850	0
142	39850	0
143	39850	0
143	39850	0
143	39850	0
144	39850	0
144	39850	0
144	39850	0
144	39850	0
144	39850	0
144	39850	0
144	39850	0
144	39850	0
147	39850	0
147	39850	0
147	39850	0
147	39850	0
147	39850	0
147	39850	0
147	39850	0
147	39850	0
158	39850	0
158	39850	0
158	39850	0
142	39853	0
142	39853	0
142	39853	0
142	39853	0
142	39853	0
142	39853	0
142	39853	0
142	39853	0
142	39853	0
142	39853	0
158	39853	0
158	39853	0
158	39853	0
146	39854	0
146	39854	0
146	39854	0
146	39854	0
146	39854	0
146	39854	0
146	39854	0
146	39854	0
146	39854	0
146	39854	0
146	39854	0
146	39854	0
146	39854	0
146	39854	0
147	39854	0
147	39854	0
147	39854	0
147	39854	0
147	39854	0
147	39854	0
147	39854	0
147	39854	0
147	39854	0
147	39854	0
147	39854	0
147	39854	0
147	39854	0
147	39854	0
147	39854	0
147	39854	0
142	39855	0
142	39855	0
142	39855	0
142	39855	0
142	39855	0
142	39855	0
142	39855	0
142	39855	0
142	39855	0
142	39855	0
142	39855	0
146	39855	0
146	39855	0
146	39855	0
146	39855	0
146	39855	0
146	39855	0
146	39855	0
146	39855	0
146	39855	0
146	39855	0
146	39855	1
146	39855	0
146	39855	0
146	39855	0
143	39856	0
143	39856	0
143	39856	0
144	39856	0
144	39856	0
144	39856	0
144	39856	0
144	39856	0
144	39856	0
144	39856	0
144	39856	0
146	39856	0
146	39856	0
146	39856	0
146	39856	0
146	39856	0
146	39856	0
146	39856	0
146	39856	0
146	39856	0
146	39856	0
146	39856	0
146	39856	0
146	39856	0
146	39856	0
147	39856	0
147	39856	0
147	39856	0
147	39856	0
147	39856	0
147	39856	0
147	39856	0
147	39856	0
147	39856	0
147	39856	0
147	39856	0
147	39856	0
147	39856	0
147	39856	0
147	39856	0
147	39856	0
141	39857	0
141	39857	0
141	39857	0
141	39857	3
141	39857	1
143	39857	0
143	39857	0
143	39857	0
144	39857	0
144	39857	0
144	39857	0
144	39857	0
144	39857	0
144	39857	0
144	39857	0
144	39857	0
145	39857	0
145	39857	0
146	39857	0
146	39857	0
146	39857	0
146	39857	0
146	39857	0
146	39857	0
146	39857	0
141	39860	0
141	39860	0
141	39860	0
141	39860	0
141	39860	0
146	39860	0
146	39860	0
146	39860	0
146	39860	0
146	39860	0
146	39860	0
146	39860	0
146	39860	0
146	39860	0
146	39860	0
146	39860	0
146	39860	0
146	39860	0
146	39860	0
146	39860	0
146	39860	0
147	39861	0
147	39861	0
147	39861	0
147	39861	0
147	39861	0
147	39861	0
147	39861	0
147	39861	0
147	39861	0
147	39861	0
147	39861	0
147	39861	0
147	39861	0
147	39861	0
147	39861	0
147	39861	0
158	39861	0
158	39861	0
158	39861	0
143	39862	0
143	39862	0
143	39862	1
144	39862	0
144	39862	0
144	39862	0
144	39862	0
144	39862	0
144	39862	0
144	39862	0
144	39862	0
145	39862	0
145	39862	0
145	39862	0
147	39862	0
147	39862	0
147	39862	0
147	39862	0
147	39862	0
147	39862	0
147	39862	0
147	39862	0
142	39863	0
142	39863	0
142	39863	0
142	39863	0
142	39863	0
142	39863	0
142	39863	0
142	39863	0
142	39863	0
142	39863	0
143	39863	1
143	39863	0
144	39863	0
144	39863	0
144	39863	0
144	39863	0
144	39863	0
144	39863	0
144	39863	0
144	39863	0
146	39863	0
146	39863	0
146	39863	0
146	39863	0
146	39863	0
146	39863	0
146	39863	0
146	39863	0
146	39863	0
146	39863	0
146	39863	0
146	39863	0
146	39863	0
146	39863	0
146	39863	0
146	39863	0
147	39863	0
147	39863	0
147	39863	0
147	39863	0
147	39863	0
147	39863	0
147	39863	0
147	39863	0
147	39863	0
147	39863	0
147	39863	0
147	39863	0
147	39863	0
147	39863	0
147	39863	0
147	39863	0
142	39864	0
142	39864	0
142	39864	0
142	39864	0
142	39864	0
142	39864	0
142	39864	0
142	39864	0
142	39864	0
142	39864	0
142	39864	0
142	39864	0
142	39864	0
142	39864	0
142	39864	0
142	39864	0
142	39864	0
142	39864	0
142	39864	0
142	39864	0
142	39868	0
142	39868	0
142	39868	0
142	39868	0
142	39868	0
142	39868	0
142	39868	0
142	39868	0
142	39868	0
142	39868	0
142	39869	0
142	39869	0
142	39869	0
142	39869	0
142	39869	0
142	39869	0
142	39869	0
142	39869	0
142	39869	0
142	39869	0
143	39869	0
143	39869	0
143	39869	0
144	39869	0
144	39869	0
144	39869	0
144	39869	0
144	39869	0
144	39869	0
144	39869	0
144	39869	0
144	39869	0
144	39869	0
144	39869	0
144	39869	0
144	39869	0
144	39869	0
144	39869	0
144	39869	0
145	39869	0
145	39869	0
145	39869	0
145	39869	0
145	39869	0
146	39869	0
146	39869	0
146	39869	0
146	39869	0
146	39869	0
146	39869	0
146	39869	0
146	39869	0
146	39869	0
146	39869	0
146	39869	0
146	39869	0
146	39869	0
146	39869	0
146	39869	0
146	39869	0
146	39869	0
146	39869	0
146	39869	0
146	39869	0
146	39869	0
146	39869	0
146	39869	0
146	39869	0
146	39869	0
146	39869	0
146	39869	0
146	39869	0
142	39870	0
142	39870	0
142	39870	0
142	39870	0
142	39870	0
142	39870	0
142	39870	0
142	39870	0
142	39870	0
142	39870	0
146	39870	0
146	39870	0
146	39870	0
146	39870	0
146	39870	0
146	39870	0
146	39870	0
146	39870	0
146	39870	0
146	39870	0
146	39870	0
146	39870	0
146	39870	0
146	39870	0
147	39870	0
147	39870	0
147	39870	0
147	39870	0
147	39870	0
147	39870	0
147	39870	0
147	39870	0
147	39870	0
147	39870	0
147	39870	0
147	39870	0
147	39870	0
147	39870	0
147	39870	0
147	39870	0
147	39870	0
147	39870	0
147	39870	0
147	39870	0
147	39870	0
147	39870	0
147	39870	0
147	39870	0
141	39871	0
141	39871	0
141	39871	0
141	39871	0
141	39871	0
142	39871	0
142	39871	0
142	39871	0
142	39871	0
142	39871	0
142	39871	0
142	39871	0
142	39871	0
142	39871	0
142	39871	0
142	39871	1
142	39871	0
143	39871	0
143	39871	0
143	39871	1
144	39871	0
144	39871	0
144	39871	0
144	39871	0
144	39871	0
144	39871	0
144	39871	0
144	39871	0
147	39871	0
147	39871	0
147	39871	0
147	39871	0
147	39871	0
147	39871	0
147	39871	0
147	39871	0
147	39871	0
147	39871	0
147	39871	0
147	39871	0
147	39871	0
147	39871	0
147	39871	0
147	39871	0
158	39871	0
158	39871	0
158	39871	0
144	39874	0
144	39874	0
144	39874	0
144	39874	2
144	39874	0
144	39874	0
144	39874	0
144	39874	0
145	39874	0
145	39874	0
145	39874	0
147	39874	0
147	39874	0
147	39874	0
147	39874	0
147	39874	0
147	39874	0
147	39874	0
147	39874	0
147	39874	0
147	39874	0
147	39874	0
147	39874	0
147	39874	0
147	39874	0
147	39874	0
147	39874	0
158	39874	0
158	39874	0
146	39875	0
146	39875	0
146	39875	0
146	39875	0
146	39875	0
146	39875	0
146	39875	0
146	39875	0
146	39875	0
146	39875	0
146	39875	0
146	39875	0
146	39875	0
146	39875	0
142	39876	0
142	39876	0
142	39876	0
142	39876	0
142	39876	0
142	39876	0
142	39876	0
142	39876	0
142	39876	0
142	39876	0
142	39876	0
142	39876	0
142	39876	0
142	39876	0
142	39876	0
142	39876	0
142	39876	0
142	39876	0
142	39876	0
142	39876	0
143	39876	0
143	39876	0
143	39876	5
143	39876	0
143	39876	0
143	39876	5
143	39876	0
143	39876	0
143	39876	5
146	39876	0
146	39876	0
146	39876	0
146	39876	0
146	39876	0
146	39876	0
146	39876	0
146	39876	0
146	39876	0
146	39876	0
146	39876	0
146	39876	0
146	39876	0
146	39876	0
141	39877	0
141	39877	0
141	39877	0
141	39877	0
141	39877	0
146	39877	0
146	39877	0
146	39877	0
146	39877	0
146	39877	0
146	39877	0
146	39877	0
146	39877	0
146	39877	0
146	39877	0
146	39877	0
146	39877	0
146	39877	0
146	39877	0
143	39878	0
143	39878	0
143	39878	0
144	39878	0
144	39878	0
144	39878	0
144	39878	0
144	39878	0
144	39878	0
144	39878	0
144	39878	0
146	39878	0
146	39878	0
146	39878	0
146	39878	0
146	39878	0
146	39878	0
146	39878	0
146	39878	0
146	39878	0
146	39878	0
146	39878	0
146	39878	0
146	39878	0
146	39878	0
146	39878	0
146	39878	0
146	39878	0
146	39878	0
146	39878	0
146	39878	0
147	39878	0
147	39878	0
147	39878	0
147	39878	0
147	39878	0
147	39878	0
147	39878	0
147	39878	0
146	39881	0
146	39881	0
146	39881	0
146	39881	0
146	39881	0
146	39881	0
146	39881	0
146	39881	0
146	39881	0
146	39881	0
146	39881	0
146	39881	0
146	39881	1
146	39881	0
147	39881	0
147	39881	0
147	39881	0
147	39881	0
147	39881	0
147	39881	0
147	39881	0
147	39881	0
147	39881	0
147	39881	0
147	39881	0
147	39881	0
147	39881	0
147	39881	0
147	39881	0
147	39881	0
146	39882	0
146	39882	0
146	39882	0
146	39882	0
146	39882	0
146	39882	0
146	39882	0
146	39882	0
146	39882	0
146	39882	0
146	39882	0
146	39882	0
146	39882	0
146	39882	0
142	39883	0
142	39883	0
142	39883	0
142	39883	0
142	39883	0
142	39883	0
142	39883	0
142	39883	0
142	39883	0
142	39883	0
142	39883	0
142	39883	0
142	39883	0
142	39883	0
142	39883	0
143	39883	0
143	39883	0
143	39883	0
144	39883	0
144	39883	0
144	39883	0
144	39883	0
144	39883	0
144	39883	0
144	39883	0
144	39883	0
145	39883	0
145	39883	0
145	39883	0
158	39883	0
158	39883	0
158	39883	0
141	39885	0
141	39885	0
141	39885	0
141	39885	0
141	39885	0
142	39885	0
142	39885	0
142	39885	0
142	39885	0
142	39885	0
143	39885	0
143	39885	0
143	39885	0
144	39885	0
144	39885	0
144	39885	0
144	39885	0
144	39885	0
144	39885	0
144	39885	0
144	39885	0
147	39885	0
147	39885	0
147	39885	0
147	39885	0
147	39885	0
147	39885	0
147	39885	0
147	39885	0
147	39885	0
147	39885	0
147	39885	0
147	39885	0
147	39885	0
147	39885	0
147	39885	0
147	39885	0
142	39888	0
142	39888	0
142	39888	0
142	39888	0
142	39888	0
142	39888	0
142	39888	0
142	39888	0
142	39888	0
142	39888	0
146	39888	0
146	39888	0
146	39888	0
146	39888	0
146	39888	0
146	39888	0
146	39888	0
146	39888	0
146	39888	0
146	39888	0
146	39888	0
146	39888	0
146	39888	0
146	39888	0
142	39889	0
142	39889	0
142	39889	0
142	39889	0
142	39889	0
146	39889	0
146	39889	1
146	39889	0
146	39889	0
146	39889	0
146	39889	0
146	39889	0
146	39889	1
146	39889	0
146	39889	0
146	39889	0
146	39889	0
146	39889	0
146	39889	0
147	39889	0
147	39889	0
147	39889	0
147	39889	0
147	39889	0
147	39889	0
147	39889	0
147	39889	0
147	39889	0
147	39889	0
147	39889	0
147	39889	0
147	39889	0
147	39889	0
147	39889	0
147	39889	0
147	39890	0
147	39890	0
147	39890	0
147	39890	0
147	39890	0
147	39890	0
147	39890	0
147	39890	0
147	39890	0
147	39890	0
147	39890	0
147	39890	0
147	39890	0
147	39890	0
147	39890	0
147	39890	0
142	39891	0
142	39891	0
142	39891	0
142	39891	0
142	39891	0
142	39891	0
142	39891	0
142	39891	0
142	39891	0
142	39891	0
143	39891	0
143	39891	0
143	39891	0
144	39891	0
144	39891	0
144	39891	0
144	39891	0
144	39891	0
144	39891	0
144	39891	0
144	39891	0
145	39891	0
145	39891	0
145	39891	0
147	39891	0
147	39891	0
147	39891	0
147	39891	0
147	39891	0
147	39891	0
147	39891	0
147	39891	0
147	39891	0
147	39891	0
147	39891	0
147	39891	0
147	39891	0
147	39891	0
147	39891	0
147	39891	0
147	39891	0
147	39891	0
147	39891	0
147	39891	0
143	39892	0
143	39892	0
143	39892	0
144	39892	0
144	39892	0
144	39892	0
144	39892	0
144	39892	0
144	39892	0
144	39892	0
144	39892	0
146	39892	0
146	39892	0
146	39892	0
146	39892	0
146	39892	0
146	39892	0
146	39892	0
146	39892	0
146	39892	0
146	39892	0
146	39892	0
146	39892	0
146	39892	0
146	39892	0
147	39892	0
147	39892	0
147	39892	0
147	39892	0
147	39892	0
147	39892	0
147	39892	0
147	39892	0
147	39892	0
147	39892	0
147	39892	0
147	39892	0
147	39892	0
147	39892	0
147	39892	0
147	39892	0
158	39892	0
158	39892	0
158	39892	0
141	39895	0
141	39895	0
141	39895	0
141	39895	1
141	39895	2
146	39895	0
146	39895	0
146	39895	0
146	39895	0
146	39895	0
146	39895	0
146	39895	1
146	39895	0
146	39895	0
146	39895	0
146	39895	0
146	39895	0
146	39895	0
146	39895	0
147	39895	0
147	39895	0
147	39895	0
147	39895	0
147	39895	0
147	39895	0
147	39895	0
147	39895	0
147	39895	0
147	39895	0
147	39895	0
147	39895	0
147	39895	0
147	39895	0
147	39895	0
147	39895	0
141	39896	0
141	39896	0
141	39896	0
141	39896	0
141	39896	0
144	39896	0
144	39896	0
144	39896	0
144	39896	0
144	39896	0
144	39896	0
144	39896	0
144	39896	0
145	39896	0
145	39896	0
145	39896	0
147	39896	0
147	39896	0
147	39896	0
147	39896	0
147	39896	0
147	39896	0
147	39896	0
147	39896	0
147	39896	0
147	39896	0
147	39896	0
147	39896	0
147	39896	0
147	39896	0
147	39896	0
147	39896	0
142	39897	0
142	39897	0
142	39897	0
142	39897	0
142	39897	0
143	39897	0
143	39897	0
143	39897	0
146	39897	0
146	39897	0
146	39897	0
146	39897	0
146	39897	0
146	39897	0
146	39897	0
146	39897	0
146	39897	0
146	39897	0
146	39897	0
146	39897	0
146	39897	0
146	39897	0
142	39898	0
142	39898	0
142	39898	0
142	39898	0
142	39898	0
142	39898	0
142	39898	0
142	39898	0
142	39898	0
142	39898	0
142	39898	0
142	39898	0
142	39898	0
142	39898	0
142	39898	0
146	39898	0
146	39898	0
146	39898	0
146	39898	0
146	39898	0
146	39898	0
146	39898	0
146	39898	0
146	39898	0
146	39898	0
146	39898	0
146	39898	0
146	39898	0
146	39898	0
158	39898	0
158	39898	0
158	39898	0
146	39899	0
146	39899	0
146	39899	0
146	39899	0
146	39899	0
146	39899	0
146	39899	0
146	39899	0
146	39899	0
146	39899	0
146	39899	0
146	39899	0
146	39899	0
146	39899	0
146	39902	0
146	39902	0
146	39902	0
146	39902	0
146	39902	0
146	39902	0
146	39902	0
146	39902	0
146	39902	0
146	39902	0
146	39902	0
146	39902	0
146	39902	0
147	39902	0
147	39902	0
147	39902	0
147	39902	0
147	39902	0
147	39902	0
147	39902	0
147	39902	0
147	39902	0
147	39902	0
147	39902	0
147	39902	0
147	39902	0
147	39902	0
147	39902	0
147	39902	0
142	39903	1
142	39903	0
142	39903	0
142	39903	0
142	39903	0
143	39903	0
143	39903	0
143	39903	0
144	39903	0
144	39903	0
144	39903	0
144	39903	0
144	39903	0
144	39903	0
144	39903	0
144	39903	0
146	39903	0
146	39903	0
146	39903	0
146	39903	0
146	39903	0
146	39903	0
146	39903	0
146	39903	0
146	39903	0
146	39903	0
146	39903	0
146	39903	0
146	39903	0
146	39903	0
147	39903	0
147	39903	0
147	39903	0
147	39903	0
147	39903	0
147	39903	0
147	39903	0
147	39903	0
147	39903	0
147	39903	0
147	39903	0
147	39903	0
147	39903	0
147	39903	0
147	39903	0
147	39903	0
147	39903	0
147	39903	0
147	39903	0
147	39903	0
142	39905	0
142	39905	0
142	39905	0
142	39905	0
142	39905	0
144	39905	0
144	39905	0
144	39905	0
144	39905	0
144	39905	0
144	39905	0
144	39905	0
141	39906	0
141	39906	0
141	39906	2
141	39906	0
141	39906	0
147	39906	0
147	39906	0
147	39906	0
147	39906	0
147	39906	0
147	39906	0
147	39906	0
147	39906	0
147	39906	0
147	39906	0
147	39906	0
147	39906	0
147	39906	0
147	39906	0
147	39906	0
147	39906	0
158	39906	0
158	39906	0
158	39906	0
141	39913	0
141	39913	0
141	39913	0
141	39913	0
141	39913	0
141	39913	0
141	39913	0
141	39913	0
141	39913	0
141	39913	2
158	39923	0
158	39923	0
158	39923	0
146	39924	0
146	39924	0
146	39924	0
146	39924	0
146	39924	0
146	39924	0
146	39924	0
146	39924	0
146	39924	0
146	39924	0
146	39924	0
146	39924	0
133	39925	0
133	39925	0
133	39925	0
133	39925	0
142	39925	0
142	39925	0
142	39925	0
142	39925	0
142	39925	0
143	39925	0
143	39925	0
143	39925	1
144	39925	0
144	39925	0
144	39925	0
144	39925	0
144	39925	0
144	39925	0
144	39925	0
144	39925	0
146	39925	0
146	39925	0
146	39925	0
146	39925	0
146	39925	0
146	39925	0
146	39925	0
146	39925	0
146	39925	0
146	39925	0
146	39925	0
146	39925	0
146	39925	0
146	39925	0
147	39925	0
147	39925	0
147	39925	0
147	39925	0
147	39925	0
147	39925	0
147	39925	0
147	39925	0
147	39925	0
147	39925	0
147	39925	0
147	39925	0
147	39925	0
147	39925	0
147	39925	0
147	39925	0
129	39926	0
129	39926	0
129	39926	0
129	39926	0
135	39926	0
135	39926	0
135	39926	0
135	39926	0
141	39926	0
141	39926	0
141	39926	0
141	39926	0
141	39926	0
142	39926	0
142	39926	0
142	39926	0
142	39926	0
142	39926	0
143	39926	0
143	39926	0
143	39926	0
144	39926	0
144	39926	0
144	39926	0
144	39926	0
144	39926	0
144	39926	0
144	39926	0
144	39926	0
146	39926	0
146	39926	0
146	39926	0
146	39926	0
146	39926	0
146	39926	0
146	39926	0
146	39926	0
146	39926	0
146	39926	0
146	39926	0
146	39926	0
146	39926	0
146	39926	0
147	39926	0
147	39926	0
147	39926	0
147	39926	0
147	39926	0
147	39926	0
147	39926	0
147	39926	0
147	39926	0
147	39926	0
147	39926	0
147	39926	0
147	39926	0
147	39926	0
147	39926	0
147	39926	0
147	39926	0
147	39926	0
147	39926	0
147	39926	0
146	39927	0
146	39927	0
146	39927	0
146	39927	0
146	39927	0
146	39927	0
146	39927	0
146	39927	0
146	39927	0
146	39927	0
146	39927	0
146	39927	0
146	39927	0
146	39927	0
147	39927	0
147	39927	0
147	39927	0
147	39927	0
147	39927	0
147	39927	0
147	39927	0
147	39927	0
147	39927	0
147	39927	0
147	39927	0
147	39927	0
147	39927	0
147	39927	0
147	39927	0
147	39927	0
147	39927	0
147	39927	0
147	39927	0
147	39927	0
147	39927	0
147	39927	0
147	39927	0
147	39927	0
147	39927	0
147	39927	0
147	39927	0
147	39927	0
147	39927	0
147	39927	0
147	39927	0
147	39927	0
147	39927	0
147	39927	0
147	39927	0
147	39927	0
154	39927	0
154	39927	0
154	39927	0
154	39927	0
156	39927	0
156	39927	0
156	39927	0
133	39930	0
133	39930	0
133	39930	0
133	39930	0
146	39930	0
146	39930	0
146	39930	0
146	39930	0
146	39930	0
146	39930	0
146	39930	0
146	39930	0
146	39930	0
146	39930	0
146	39930	0
146	39930	0
146	39930	0
146	39930	0
147	39930	0
147	39930	0
147	39930	0
147	39930	0
147	39930	0
147	39930	0
147	39930	0
147	39930	0
147	39930	0
147	39930	0
147	39930	0
147	39930	0
147	39930	0
147	39930	0
147	39930	0
147	39930	0
147	39930	0
147	39930	0
147	39930	0
147	39930	0
146	39931	0
146	39931	0
146	39931	0
146	39931	0
146	39931	0
146	39931	0
146	39931	0
146	39931	0
146	39931	0
146	39931	1
146	39931	0
146	39931	0
146	39931	0
146	39931	0
147	39931	0
147	39931	0
147	39931	0
147	39931	0
147	39931	0
147	39931	0
147	39931	0
147	39931	0
147	39931	0
147	39931	0
147	39931	0
147	39931	0
147	39931	0
147	39931	0
147	39931	0
147	39931	0
147	39931	0
147	39931	0
147	39931	0
147	39931	0
153	39931	0
153	39931	0
153	39931	0
153	39931	0
156	39931	0
156	39931	0
156	39931	0
142	39932	0
142	39932	0
142	39932	0
142	39932	0
142	39932	0
143	39932	0
143	39932	0
143	39932	0
144	39932	0
144	39932	0
144	39932	0
144	39932	0
144	39932	0
144	39932	0
144	39932	0
144	39932	0
145	39932	0
145	39932	0
145	39932	0
146	39932	0
146	39932	0
146	39932	0
146	39932	0
146	39932	0
146	39932	0
146	39932	0
146	39932	0
146	39932	0
146	39932	0
146	39932	0
146	39932	0
146	39932	0
146	39932	0
146	39933	0
146	39933	0
146	39933	0
146	39933	0
146	39933	0
146	39933	0
146	39933	0
146	39933	0
146	39933	0
146	39933	0
146	39933	0
146	39933	0
146	39933	0
146	39933	0
146	39933	0
146	39933	0
146	39933	0
146	39933	0
146	39933	0
146	39933	0
146	39933	0
146	39933	0
146	39933	0
141	39934	0
141	39934	0
141	39934	0
141	39934	0
141	39934	2
142	39934	0
142	39934	0
142	39934	0
142	39934	0
142	39934	0
143	39934	0
143	39934	0
143	39934	0
144	39934	0
144	39934	0
144	39934	0
144	39934	0
144	39934	0
144	39934	0
144	39934	0
144	39934	0
146	39934	0
146	39934	0
146	39934	0
146	39934	0
146	39934	0
146	39934	0
146	39934	0
146	39934	0
146	39934	0
146	39934	0
146	39934	0
146	39934	0
158	39934	0
158	39934	0
158	39934	0
129	39935	0
129	39935	0
129	39935	0
129	39935	0
135	39935	1
135	39935	0
135	39935	0
135	39935	0
133	39937	0
133	39937	0
133	39937	0
133	39937	0
142	39938	0
142	39938	0
142	39938	0
142	39938	0
142	39938	0
142	39938	0
142	39938	0
142	39938	0
142	39938	0
142	39938	0
158	39938	0
158	39938	0
158	39938	0
129	39940	0
129	39940	0
129	39940	0
129	39940	0
135	39940	0
135	39940	0
135	39940	0
135	39940	0
141	39940	0
141	39940	0
141	39940	0
141	39940	0
141	39940	1
142	39940	0
142	39940	0
142	39940	0
142	39940	0
142	39940	0
142	39940	0
142	39940	0
142	39940	0
142	39940	0
142	39940	0
143	39941	0
143	39941	0
143	39941	0
144	39941	0
144	39941	0
144	39941	0
144	39941	0
144	39941	0
144	39941	0
144	39941	0
144	39941	0
145	39941	0
145	39941	0
145	39941	0
146	39941	0
146	39941	0
146	39941	0
146	39941	0
146	39941	0
146	39941	0
146	39941	0
153	39941	0
153	39941	0
153	39941	0
153	39941	0
156	39941	0
156	39941	0
156	39941	0
143	39942	0
143	39942	0
143	39942	0
144	39942	0
144	39942	0
144	39942	0
144	39942	0
144	39942	0
144	39942	0
144	39942	0
144	39942	0
145	39942	0
145	39942	0
145	39942	0
129	39945	0
129	39945	0
129	39945	0
129	39945	0
133	39945	0
133	39945	0
133	39945	0
133	39945	0
142	39945	0
142	39945	0
142	39945	0
142	39945	0
142	39945	0
144	39945	0
144	39945	0
144	39945	0
144	39945	0
144	39945	0
144	39945	0
144	39945	0
144	39945	0
145	39945	0
145	39945	0
145	39945	0
146	39945	0
146	39945	0
146	39945	0
146	39945	0
146	39945	0
146	39945	0
146	39945	0
146	39945	0
146	39945	0
146	39945	0
146	39945	0
146	39945	0
146	39945	0
146	39945	0
153	39945	0
153	39945	0
153	39945	0
153	39945	0
146	39946	0
146	39946	0
146	39946	0
146	39946	0
146	39946	0
146	39946	0
146	39946	0
146	39946	0
146	39946	0
146	39946	0
146	39946	0
146	39946	0
146	39946	0
146	39946	0
147	39946	0
147	39946	0
147	39946	0
147	39946	0
147	39946	0
147	39946	0
147	39946	0
147	39946	0
147	39946	0
147	39946	0
147	39946	0
147	39946	0
147	39946	0
147	39946	0
147	39946	0
147	39946	0
147	39946	0
147	39946	0
147	39946	0
147	39946	0
146	39947	0
146	39947	0
146	39947	0
146	39947	0
146	39947	0
146	39947	0
146	39947	0
146	39947	0
146	39947	0
146	39947	0
146	39947	0
146	39947	0
146	39947	0
146	39947	0
146	39947	0
146	39947	0
146	39947	0
146	39947	0
146	39947	0
146	39947	0
146	39947	0
146	39947	0
146	39947	0
146	39947	0
146	39947	0
146	39947	0
146	39947	0
146	39947	0
147	39947	0
147	39947	0
147	39947	0
147	39947	0
147	39947	0
147	39947	0
147	39947	0
147	39947	0
147	39947	0
147	39947	0
147	39947	0
147	39947	0
147	39947	0
147	39947	0
147	39947	0
147	39947	0
147	39947	0
147	39947	0
147	39947	0
147	39947	0
153	39947	0
153	39947	0
153	39947	0
153	39947	0
156	39947	0
156	39947	0
156	39947	0
158	39947	0
158	39947	0
158	39947	0
129	39948	0
129	39948	0
129	39948	0
129	39948	0
135	39948	0
135	39948	0
135	39948	0
135	39948	0
141	39948	0
141	39948	0
141	39948	0
141	39948	0
141	39948	0
156	39948	0
156	39948	0
156	39948	0
142	39949	0
142	39949	0
142	39949	0
142	39949	0
142	39949	0
143	39949	0
143	39949	0
143	39949	0
144	39949	0
144	39949	0
144	39949	0
144	39949	0
144	39949	0
144	39949	0
144	39949	0
144	39949	0
145	39949	0
145	39949	0
145	39949	0
129	39951	0
129	39951	0
129	39951	0
129	39951	0
135	39951	0
135	39951	0
135	39951	0
135	39951	0
141	39951	0
141	39951	0
141	39951	0
141	39951	0
141	39951	0
156	39951	0
156	39951	0
156	39951	0
156	39951	0
156	39951	0
156	39951	0
142	39952	0
142	39952	0
142	39952	0
142	39952	0
142	39952	0
143	39952	0
143	39952	0
143	39952	1
144	39952	0
144	39952	0
144	39952	0
144	39952	0
144	39952	0
144	39952	0
144	39952	0
144	39952	0
156	39952	0
156	39952	0
156	39952	0
129	39953	0
129	39953	0
129	39953	0
129	39953	1
133	39953	0
133	39953	0
133	39953	0
133	39953	0
153	39953	0
153	39953	0
153	39953	0
153	39953	0
133	39954	0
133	39954	0
133	39954	0
133	39954	0
133	39954	0
133	39954	0
133	39954	0
133	39954	0
146	39954	0
146	39954	0
146	39954	0
146	39954	0
146	39954	0
146	39954	0
146	39954	0
146	39954	0
146	39954	0
146	39954	0
146	39954	0
146	39954	0
147	39954	3
147	39954	0
147	39954	0
147	39954	0
147	39954	0
147	39954	0
147	39954	0
147	39954	0
147	39954	0
147	39954	0
147	39954	0
147	39954	0
153	39954	0
153	39954	0
153	39954	0
153	39954	0
158	39954	0
158	39954	0
158	39954	0
135	39955	0
135	39955	0
135	39955	0
135	39955	0
142	39955	0
142	39955	0
142	39955	0
142	39955	0
142	39955	0
143	39955	0
143	39955	0
143	39955	0
144	39955	0
144	39955	0
144	39955	0
144	39955	0
144	39955	0
144	39955	0
144	39955	0
144	39955	0
145	39955	0
145	39955	0
145	39955	0
153	39955	0
153	39955	0
153	39955	0
153	39955	0
156	39955	0
156	39955	0
156	39955	0
158	39955	0
158	39955	0
158	39955	0
129	39959	0
129	39959	0
129	39959	0
129	39959	0
129	39959	0
129	39959	0
129	39959	0
129	39959	0
135	39959	0
135	39959	0
135	39959	0
135	39959	0
141	39959	0
141	39959	0
141	39959	0
141	39959	0
141	39959	0
146	39959	0
146	39959	0
146	39959	0
146	39959	0
146	39959	0
146	39959	0
146	39959	0
147	39959	0
147	39959	0
147	39959	0
147	39959	0
147	39959	0
147	39959	0
147	39959	0
147	39959	0
147	39959	0
147	39959	0
147	39959	0
147	39959	0
129	39961	0
129	39961	0
129	39961	0
129	39961	0
133	39961	0
133	39961	0
133	39961	0
133	39961	0
142	39961	0
142	39961	0
142	39961	0
142	39961	0
142	39961	0
143	39961	0
143	39961	0
143	39961	0
144	39961	0
144	39961	0
144	39961	0
144	39961	0
144	39961	0
144	39961	0
144	39961	0
144	39961	0
145	39961	0
145	39961	0
145	39961	0
146	39961	0
146	39961	0
146	39961	0
146	39961	0
146	39961	0
146	39961	0
146	39961	0
153	39961	0
153	39961	0
153	39961	0
153	39961	0
158	39961	0
158	39961	0
158	39961	0
133	39962	0
133	39962	0
133	39962	0
133	39962	0
135	39962	0
135	39962	0
135	39962	0
135	39962	0
142	39962	0
142	39962	0
142	39962	0
142	39962	0
142	39962	0
143	39962	1
143	39962	0
143	39962	0
144	39962	0
144	39962	0
144	39962	0
144	39962	0
144	39962	0
144	39962	0
144	39962	0
144	39962	0
145	39962	0
145	39962	0
145	39962	0
146	39962	0
146	39962	0
146	39962	0
146	39962	0
146	39962	0
146	39962	0
147	39962	0
147	39962	0
147	39962	0
147	39962	0
147	39962	0
147	39962	0
147	39962	0
147	39962	0
156	39962	0
156	39962	0
156	39962	1
158	39962	0
158	39962	0
158	39962	0
135	39963	0
135	39963	0
135	39963	0
135	39963	0
129	39965	0
129	39965	0
129	39965	0
129	39965	0
135	39965	0
135	39965	0
135	39965	0
135	39965	0
141	39965	0
141	39965	0
141	39965	0
141	39965	0
141	39965	0
147	39965	0
147	39965	0
147	39965	0
147	39965	0
147	39965	0
147	39965	0
147	39965	0
147	39965	0
147	39965	0
147	39965	0
147	39965	0
147	39965	0
147	39965	0
147	39965	0
147	39965	0
147	39965	0
156	39965	0
156	39965	0
156	39965	0
147	39966	0
147	39966	0
147	39966	0
147	39966	0
147	39966	0
147	39966	0
147	39966	0
147	39966	0
147	39966	0
147	39966	0
147	39966	0
147	39966	0
147	39966	0
147	39966	0
147	39966	0
147	39966	0
129	39967	0
129	39967	0
129	39967	0
129	39967	0
133	39967	0
133	39967	0
133	39967	0
133	39967	0
146	39967	0
146	39967	0
146	39967	0
146	39967	0
146	39967	0
146	39967	0
146	39967	0
146	39967	0
146	39967	0
146	39967	0
146	39967	0
146	39967	0
146	39967	0
146	39967	0
154	39967	0
154	39967	0
154	39967	0
154	39967	0
133	39968	0
133	39968	0
133	39968	0
133	39968	0
142	39968	0
142	39968	0
142	39968	0
142	39968	0
142	39968	0
143	39968	0
143	39968	0
143	39968	0
144	39968	0
144	39968	0
144	39968	0
144	39968	1
144	39968	0
144	39968	0
144	39968	0
144	39968	0
146	39968	0
146	39968	0
146	39968	0
146	39968	0
146	39968	0
146	39968	0
146	39968	1
146	39968	0
146	39968	0
146	39968	0
146	39968	0
146	39968	0
146	39968	0
146	39968	0
147	39968	0
147	39968	0
147	39968	0
147	39968	0
147	39968	0
147	39968	0
147	39968	1
147	39968	0
147	39968	0
147	39968	0
147	39968	0
147	39968	0
147	39968	0
147	39968	0
147	39968	0
147	39968	0
153	39968	0
153	39968	0
153	39968	1
153	39968	1
158	39968	0
158	39968	0
158	39968	0
135	39969	0
135	39969	0
135	39969	0
135	39969	0
146	39969	0
146	39969	0
146	39969	1
146	39969	0
146	39969	1
146	39969	1
146	39969	0
146	39969	0
146	39969	0
146	39969	1
146	39969	0
146	39969	0
146	39969	1
146	39969	0
147	39969	0
147	39969	0
147	39969	0
147	39969	0
147	39969	0
147	39969	0
147	39969	0
147	39969	0
147	39969	0
147	39969	1
147	39969	0
147	39969	0
147	39969	0
147	39969	0
147	39969	0
147	39969	0
156	39969	0
156	39969	0
156	39969	0
158	39969	0
158	39969	0
158	39969	0
142	39970	0
142	39970	0
142	39970	0
142	39970	0
142	39970	0
143	39970	0
143	39970	0
143	39970	0
144	39970	0
144	39970	0
144	39970	0
144	39970	0
144	39970	0
144	39970	0
144	39970	0
144	39970	0
145	39970	0
145	39970	1
145	39970	0
135	39972	0
135	39972	0
135	39972	0
135	39972	1
146	39972	0
146	39972	0
146	39972	0
146	39972	1
146	39972	1
146	39972	0
146	39972	0
146	39972	0
146	39972	0
146	39972	1
146	39972	1
146	39972	0
147	39972	0
147	39972	0
147	39972	0
147	39972	0
147	39972	0
147	39972	0
147	39972	0
147	39972	0
147	39972	0
147	39972	0
147	39972	1
147	39972	0
147	39972	0
147	39972	0
147	39972	0
147	39972	1
147	39972	0
147	39972	0
147	39972	0
147	39972	0
147	39972	0
147	39972	0
147	39972	0
147	39972	0
147	39972	1
147	39972	0
156	39972	0
156	39972	0
156	39972	0
158	39972	0
158	39972	0
158	39972	0
129	39973	0
129	39973	0
129	39973	0
129	39973	0
135	39973	0
135	39973	0
135	39973	0
135	39973	0
141	39973	0
141	39973	0
141	39973	0
141	39973	0
141	39973	0
146	39973	0
146	39973	0
146	39973	0
146	39973	0
146	39973	0
146	39973	0
146	39973	0
146	39973	0
146	39973	0
146	39973	0
146	39973	0
146	39973	0
147	39973	0
147	39973	0
147	39973	0
147	39973	0
147	39973	0
147	39973	0
147	39973	0
147	39973	1
156	39973	0
156	39973	0
156	39973	0
142	39974	0
142	39974	0
142	39974	0
142	39974	0
142	39974	0
143	39974	1
143	39974	0
143	39974	0
144	39974	0
144	39974	0
144	39974	0
144	39974	0
144	39974	0
144	39974	0
144	39974	0
144	39974	0
145	39974	0
145	39974	0
145	39974	0
129	39975	1
129	39975	0
129	39975	0
129	39975	0
133	39975	0
133	39975	0
133	39975	0
133	39975	0
142	39975	0
142	39975	0
142	39975	0
142	39975	0
142	39975	0
142	39975	0
142	39975	0
142	39975	0
142	39975	0
142	39975	0
142	39975	0
142	39975	0
142	39975	0
142	39975	0
142	39975	2
142	39975	0
142	39975	0
142	39975	0
142	39975	0
142	39975	0
142	39975	0
142	39975	0
142	39975	0
142	39975	0
142	39975	0
153	39975	0
153	39975	0
153	39975	0
153	39975	0
133	39976	0
133	39976	0
133	39976	0
133	39976	0
146	39976	0
146	39976	0
146	39976	0
146	39976	0
146	39976	0
146	39976	0
146	39976	0
146	39976	0
146	39976	0
146	39976	0
146	39976	0
146	39976	0
146	39976	0
146	39976	0
147	39976	0
147	39976	0
147	39976	0
147	39976	0
147	39976	0
147	39976	0
147	39976	0
147	39976	0
147	39976	0
147	39976	0
147	39976	0
147	39976	0
147	39976	0
147	39976	0
147	39976	0
147	39976	0
147	39976	0
147	39976	0
147	39976	0
147	39976	0
147	39976	0
147	39976	0
147	39976	1
147	39976	0
147	39976	0
147	39976	0
147	39976	1
147	39976	0
147	39976	0
147	39976	0
147	39976	0
147	39976	0
153	39976	0
153	39976	0
153	39976	0
153	39976	0
158	39976	0
158	39976	0
158	39976	0
143	39977	0
143	39977	0
143	39977	0
144	39977	0
144	39977	0
144	39977	0
144	39977	0
144	39977	0
144	39977	0
144	39977	0
144	39977	0
145	39977	0
145	39977	0
145	39977	0
133	39979	0
133	39979	0
133	39979	0
133	39979	0
146	39979	0
146	39979	0
146	39979	0
146	39979	0
146	39979	0
146	39979	0
146	39979	0
146	39979	0
146	39979	0
146	39979	1
146	39979	0
146	39979	0
147	39979	0
147	39979	0
147	39979	0
147	39979	0
147	39979	0
147	39979	0
147	39979	0
147	39979	0
147	39979	0
147	39979	0
147	39979	0
147	39979	0
147	39979	0
147	39979	0
147	39979	0
147	39979	0
153	39979	0
153	39979	0
153	39979	0
153	39979	0
158	39979	0
158	39979	0
158	39979	0
144	39980	0
144	39980	0
144	39980	0
144	39980	0
144	39980	0
144	39980	0
144	39980	0
144	39980	0
146	39980	0
146	39980	0
146	39980	0
146	39980	0
146	39980	0
146	39980	0
146	39980	0
146	39980	0
146	39980	0
146	39980	1
146	39980	0
146	39980	0
147	39980	0
147	39980	0
147	39980	0
147	39980	0
147	39980	0
147	39980	0
147	39980	0
147	39980	0
147	39980	0
147	39980	0
147	39980	0
147	39980	0
147	39980	0
147	39980	0
147	39980	0
147	39980	0
129	39981	0
129	39981	0
129	39981	0
129	39981	0
135	39981	0
135	39981	0
135	39981	0
135	39981	0
143	39981	0
143	39981	0
143	39981	0
146	39981	0
146	39981	0
146	39981	0
146	39981	0
146	39981	0
146	39981	0
146	39981	0
146	39981	0
146	39981	0
146	39981	0
146	39981	0
146	39981	0
146	39981	0
146	39981	0
147	39981	0
147	39981	0
147	39981	0
147	39981	0
147	39981	0
147	39981	0
147	39981	0
147	39981	0
147	39981	0
147	39981	0
147	39981	0
147	39981	0
147	39981	0
147	39981	0
147	39981	0
147	39981	0
156	39981	0
156	39981	0
156	39981	0
141	39982	0
141	39982	0
141	39982	1
141	39982	0
141	39982	0
146	39982	0
146	39982	0
146	39982	0
146	39982	0
146	39982	0
146	39982	0
146	39982	0
146	39982	0
146	39982	0
146	39982	0
146	39982	0
146	39982	0
146	39982	0
146	39982	0
147	39982	0
147	39982	0
147	39982	0
147	39982	0
147	39982	0
147	39982	0
147	39982	0
147	39982	0
147	39982	0
147	39982	0
147	39982	0
147	39982	0
147	39982	0
147	39982	0
147	39982	0
147	39982	0
147	39982	0
147	39982	0
147	39982	0
147	39982	0
147	39982	0
147	39982	0
147	39982	0
147	39982	0
147	39982	0
147	39982	0
147	39982	0
147	39982	0
147	39982	0
147	39982	0
147	39982	0
147	39982	0
156	39982	0
156	39982	0
156	39982	0
129	39983	0
129	39983	0
129	39983	0
129	39983	0
133	39983	0
133	39983	0
133	39983	0
133	39983	0
147	39983	0
147	39983	0
147	39983	0
147	39983	0
147	39983	0
147	39983	0
147	39983	0
147	39983	0
147	39983	0
147	39983	0
147	39983	0
147	39983	0
147	39983	0
147	39983	0
147	39983	0
147	39983	0
154	39983	0
154	39983	0
154	39983	0
154	39983	0
142	39984	0
142	39984	0
142	39984	0
142	39984	0
142	39984	0
143	39984	0
143	39984	0
143	39984	0
144	39984	0
144	39984	0
144	39984	0
144	39984	0
144	39984	0
144	39984	0
144	39984	0
144	39984	0
129	39986	0
129	39986	0
129	39986	0
129	39986	0
129	39986	0
129	39986	0
129	39986	0
129	39986	0
133	39986	0
133	39986	0
133	39986	0
133	39986	0
133	39986	0
133	39986	0
133	39986	0
133	39986	0
142	39986	0
142	39986	0
142	39986	0
142	39986	0
142	39986	0
143	39986	0
143	39986	0
143	39986	0
145	39986	0
145	39986	0
145	39986	0
146	39986	0
146	39986	0
146	39986	0
146	39986	0
146	39986	0
146	39986	0
146	39986	0
146	39986	0
146	39986	0
146	39986	0
146	39986	0
146	39986	0
146	39986	0
146	39986	0
147	39986	0
147	39986	0
147	39986	0
147	39986	0
147	39986	0
147	39986	0
147	39986	0
147	39986	0
147	39986	0
147	39986	0
147	39986	0
147	39986	0
147	39986	0
147	39986	0
147	39986	0
147	39986	0
147	39986	0
147	39986	0
153	39986	0
153	39986	0
153	39986	0
153	39986	0
154	39986	0
154	39986	0
154	39986	0
154	39986	0
133	39987	0
133	39987	0
133	39987	0
133	39987	0
142	39987	0
142	39987	0
142	39987	0
142	39987	0
142	39987	0
143	39987	2
143	39987	0
143	39987	0
144	39987	0
144	39987	0
144	39987	0
144	39987	0
144	39987	0
144	39987	0
144	39987	0
144	39987	0
144	39987	0
144	39987	0
144	39987	1
144	39987	0
144	39987	0
144	39987	1
144	39987	0
144	39987	0
147	39987	0
147	39987	0
147	39987	0
147	39987	0
147	39987	0
147	39987	0
147	39987	0
147	39987	0
147	39987	0
147	39987	0
147	39987	0
147	39987	0
147	39987	0
147	39987	0
147	39987	0
147	39987	0
147	39987	0
147	39987	0
147	39987	0
147	39987	0
147	39987	0
147	39987	0
147	39987	0
147	39987	0
147	39987	0
147	39987	0
147	39987	0
147	39987	0
147	39987	0
147	39987	0
147	39987	0
147	39987	0
153	39987	0
153	39987	0
153	39987	0
153	39987	0
153	39987	0
153	39987	0
153	39987	0
153	39987	0
158	39987	0
158	39987	0
158	39987	0
158	39987	0
158	39987	0
158	39987	0
135	39988	0
135	39988	0
135	39988	0
135	39988	0
146	39988	0
146	39988	0
146	39988	0
146	39988	0
146	39988	0
146	39988	0
147	39988	0
147	39988	0
147	39988	0
147	39988	0
147	39988	0
147	39988	0
156	39988	0
156	39988	0
156	39988	0
156	39988	0
156	39988	0
156	39988	0
129	39989	0
129	39989	0
129	39989	0
129	39989	0
129	39989	0
129	39989	0
129	39989	0
129	39989	0
135	39989	0
135	39989	0
135	39989	0
135	39989	0
135	39989	0
135	39989	0
135	39989	0
135	39989	0
141	39989	0
141	39989	0
141	39989	0
141	39989	0
141	39989	0
141	39989	0
141	39989	0
141	39989	0
141	39989	0
141	39989	0
143	39989	0
143	39989	0
143	39989	0
144	39989	0
144	39989	0
144	39989	0
144	39989	0
144	39989	0
144	39989	0
144	39989	0
144	39989	0
145	39989	0
145	39989	0
145	39989	0
146	39989	0
146	39989	0
146	39989	0
146	39989	0
146	39989	0
146	39989	0
146	39989	0
146	39989	0
146	39989	0
146	39989	0
146	39989	0
146	39989	0
146	39989	0
146	39989	0
146	39989	0
146	39989	0
147	39989	0
147	39989	0
147	39989	0
147	39989	0
147	39989	0
147	39989	0
147	39989	0
147	39989	0
156	39989	0
156	39989	0
156	39989	0
158	39989	0
158	39989	0
158	39989	1
142	39990	0
142	39990	0
142	39990	0
142	39990	0
142	39990	0
146	39990	0
146	39990	0
146	39990	0
146	39990	0
146	39990	0
146	39990	0
146	39990	0
146	39990	0
146	39990	0
146	39990	0
146	39990	0
146	39990	0
146	39990	0
146	39990	0
146	39990	0
146	39990	0
147	39990	0
147	39990	0
147	39990	0
147	39990	0
147	39990	0
147	39990	0
147	39990	0
147	39990	0
147	39990	0
147	39990	0
147	39990	0
147	39990	1
147	39990	0
147	39990	0
147	39990	0
147	39990	0
147	39990	0
147	39990	0
147	39990	0
147	39990	0
146	39993	0
146	39993	0
146	39993	0
146	39993	0
146	39993	0
146	39993	0
146	39993	0
146	39993	0
146	39993	0
146	39993	0
146	39993	0
146	39993	0
146	39993	0
146	39993	0
146	39993	0
146	39993	0
146	39993	0
146	39993	0
146	39993	0
146	39993	0
146	39993	0
146	39993	0
146	39993	0
146	39993	0
147	39993	0
147	39993	0
147	39993	0
147	39993	0
147	39993	0
147	39993	0
147	39993	0
147	39993	0
147	39993	0
147	39993	0
147	39993	0
147	39993	0
147	39993	0
147	39993	0
147	39993	0
147	39993	0
131	39994	0
131	39994	0
131	39994	0
133	39994	0
133	39994	0
133	39994	0
133	39994	0
146	39994	0
146	39994	0
146	39994	0
146	39994	0
146	39994	0
146	39994	0
146	39994	0
146	39994	0
146	39994	0
146	39994	0
146	39994	0
146	39994	0
153	39994	0
153	39994	0
153	39994	0
153	39994	0
129	39995	0
129	39995	0
129	39995	0
129	39995	0
133	39995	0
133	39995	0
133	39995	0
133	39995	0
135	39995	0
135	39995	0
135	39995	0
135	39995	0
142	39995	0
142	39995	0
142	39995	0
142	39995	0
142	39995	0
143	39995	0
143	39995	0
143	39995	0
144	39995	0
144	39995	0
144	39995	0
144	39995	0
144	39995	0
144	39995	0
144	39995	0
144	39995	0
145	39995	0
145	39995	0
145	39995	0
147	39995	0
147	39995	0
147	39995	0
147	39995	0
147	39995	0
147	39995	0
147	39995	0
147	39995	0
153	39995	0
153	39995	0
153	39995	0
153	39995	0
158	39995	0
158	39995	0
158	39995	0
129	39996	0
129	39996	0
129	39996	0
129	39996	0
142	39996	0
142	39996	0
142	39996	0
142	39996	0
142	39996	0
143	39996	0
143	39996	0
143	39996	0
144	39996	0
144	39996	0
144	39996	0
144	39996	0
144	39996	0
144	39996	0
144	39996	0
144	39996	0
145	39996	0
145	39996	0
145	39996	0
145	39996	0
145	39996	0
145	39996	0
156	39996	0
156	39996	0
156	39996	0
158	39996	0
158	39996	0
158	39996	0
147	40000	0
147	40000	0
147	40000	0
147	40000	0
147	40000	0
147	40000	0
147	40000	0
147	40000	0
147	40000	0
147	40000	0
147	40000	0
147	40000	0
147	40000	0
147	40000	0
147	40000	0
147	40000	0
129	40001	0
129	40001	0
129	40001	0
129	40001	0
133	40001	0
133	40001	0
133	40001	0
133	40001	0
146	40001	0
146	40001	0
146	40001	0
146	40001	0
146	40001	0
146	40001	0
146	40001	0
146	40001	0
146	40001	0
146	40001	0
146	40001	0
146	40001	0
153	40001	0
153	40001	0
153	40001	0
153	40001	0
133	40002	0
133	40002	0
133	40002	0
133	40002	0
142	40002	0
142	40002	0
142	40002	0
142	40002	0
142	40002	0
143	40002	0
143	40002	0
143	40002	0
144	40002	0
144	40002	0
144	40002	0
144	40002	0
144	40002	0
144	40002	0
144	40002	0
144	40002	0
145	40002	0
145	40002	0
145	40002	0
153	40002	0
153	40002	0
153	40002	0
153	40002	0
146	40003	0
146	40003	0
146	40003	0
146	40003	0
146	40003	0
146	40003	0
146	40003	0
146	40003	0
146	40003	0
146	40003	0
146	40003	0
146	40003	0
146	40003	0
146	40003	0
146	40003	0
146	40003	0
158	40003	0
158	40003	0
158	40003	0
129	40004	0
129	40004	0
129	40004	0
129	40004	0
133	40004	0
133	40004	0
133	40004	0
133	40004	0
135	40004	0
135	40004	0
135	40004	0
135	40004	0
141	40004	0
141	40004	0
141	40004	0
141	40004	0
141	40004	0
142	40004	0
142	40004	0
142	40004	0
142	40004	0
142	40004	0
143	40004	0
143	40004	0
143	40004	0
144	40004	0
144	40004	0
144	40004	0
144	40004	0
144	40004	0
144	40004	0
144	40004	0
144	40004	0
145	40004	0
145	40004	0
145	40004	0
147	40004	0
147	40004	0
147	40004	0
147	40004	0
147	40004	0
147	40004	0
156	40004	0
156	40004	0
156	40004	0
129	40007	0
129	40007	0
129	40007	0
129	40007	0
141	40007	0
141	40007	0
141	40007	0
141	40007	0
141	40007	0
147	40007	0
147	40007	0
147	40007	0
147	40007	0
147	40007	0
147	40007	0
147	40007	0
147	40007	0
147	40007	0
147	40007	0
147	40007	0
147	40007	0
147	40007	0
147	40007	0
147	40007	0
147	40007	0
142	40008	0
142	40008	0
142	40008	0
142	40008	0
142	40008	0
142	40008	0
142	40008	0
142	40008	0
142	40008	0
142	40008	0
129	40009	0
129	40009	0
129	40009	0
129	40009	0
133	40009	0
133	40009	0
133	40009	0
133	40009	0
135	40009	0
135	40009	0
135	40009	0
135	40009	0
133	40010	0
133	40010	0
133	40010	0
133	40010	0
143	40010	0
143	40010	0
143	40010	1
144	40010	0
144	40010	0
144	40010	0
144	40010	0
144	40010	0
144	40010	0
144	40010	0
144	40010	0
145	40010	0
145	40010	0
145	40010	0
146	40010	0
146	40010	0
146	40010	0
146	40010	0
146	40010	0
146	40010	0
147	40010	0
147	40010	0
147	40010	0
147	40010	0
147	40010	0
147	40010	0
153	40010	0
153	40010	0
153	40010	0
153	40010	0
158	40010	0
158	40010	0
158	40010	0
135	40011	0
135	40011	0
135	40011	0
135	40011	0
156	40011	0
156	40011	0
156	40011	0
158	40011	0
158	40011	0
158	40011	0
142	40012	0
142	40012	0
142	40012	0
142	40012	0
142	40012	0
143	40012	2
143	40012	0
143	40012	0
144	40012	0
144	40012	0
144	40012	0
144	40012	0
144	40012	0
144	40012	0
144	40012	0
144	40012	1
146	40012	0
146	40012	0
146	40012	0
146	40012	0
146	40012	0
146	40012	0
146	40012	0
158	40014	0
158	40014	0
158	40014	0
129	40016	0
129	40016	0
129	40016	0
129	40016	0
142	40016	0
142	40016	0
142	40016	0
142	40016	0
142	40016	0
142	40016	0
142	40016	0
142	40016	0
142	40016	0
142	40016	0
142	40016	0
142	40016	0
133	40017	0
133	40017	0
133	40017	0
133	40017	0
153	40017	0
153	40017	0
153	40017	0
153	40017	0
133	40018	0
133	40018	0
133	40018	0
133	40018	0
142	40018	0
142	40018	0
142	40018	0
142	40018	1
142	40018	0
143	40018	0
143	40018	0
143	40018	0
144	40018	0
144	40018	0
144	40018	0
144	40018	0
144	40018	0
144	40018	0
144	40018	0
144	40018	0
146	40018	0
146	40018	0
146	40018	0
146	40018	0
146	40018	0
146	40018	0
146	40018	0
147	40018	0
147	40018	0
147	40018	0
147	40018	0
147	40018	0
147	40018	0
147	40018	0
147	40018	0
153	40018	0
153	40018	0
153	40018	0
153	40018	0
144	40019	0
144	40019	0
144	40019	0
144	40019	0
144	40019	0
144	40019	0
144	40019	0
144	40019	0
145	40019	0
145	40019	0
145	40019	0
146	40019	0
146	40019	0
146	40019	0
146	40019	0
146	40019	0
146	40019	0
147	40019	0
147	40019	0
147	40019	0
147	40019	0
147	40019	0
147	40019	0
147	40019	0
147	40019	0
129	40021	0
129	40021	0
129	40021	0
129	40021	0
135	40021	0
135	40021	0
135	40021	0
135	40021	0
141	40021	0
141	40021	0
141	40021	0
141	40021	0
141	40021	0
147	40021	0
147	40021	0
147	40021	0
147	40021	0
147	40021	0
147	40021	0
147	40021	0
147	40021	0
147	40021	0
147	40021	0
147	40021	0
147	40021	0
135	40022	1
135	40022	0
135	40022	0
135	40022	0
142	40022	0
142	40022	0
142	40022	0
142	40022	0
142	40022	0
142	40022	0
142	40022	0
142	40022	0
142	40022	0
142	40022	0
143	40022	0
143	40022	0
143	40022	1
144	40022	0
144	40022	0
144	40022	0
144	40022	0
144	40022	0
144	40022	0
144	40022	0
144	40022	0
145	40022	0
145	40022	0
145	40022	0
146	40022	0
146	40022	0
146	40022	0
146	40022	0
146	40022	0
146	40022	0
156	40022	0
156	40022	0
156	40022	0
158	40022	0
158	40022	0
158	40022	0
133	40023	0
133	40023	0
133	40023	0
133	40023	0
153	40023	0
153	40023	0
153	40023	0
153	40023	0
129	40024	0
129	40024	0
129	40024	0
129	40024	0
142	40024	0
142	40024	0
142	40024	0
142	40024	0
142	40024	0
142	40024	0
142	40024	0
142	40024	0
142	40024	0
142	40024	0
143	40024	1
143	40024	0
143	40024	0
144	40024	0
144	40024	0
144	40024	0
144	40024	0
144	40024	0
144	40024	0
144	40024	0
144	40024	0
145	40024	0
145	40024	0
145	40024	0
147	40024	0
147	40024	0
147	40024	0
147	40024	0
147	40024	0
147	40024	0
147	40024	0
147	40024	0
147	40024	0
147	40024	0
147	40024	0
147	40024	0
133	40025	0
133	40025	0
133	40025	0
133	40025	0
153	40025	0
153	40025	0
153	40025	0
153	40025	0
133	40028	0
133	40028	0
133	40028	0
133	40028	0
142	40028	0
142	40028	0
142	40028	0
142	40028	1
142	40028	0
143	40028	5
143	40028	0
143	40028	3
144	40028	0
144	40028	0
144	40028	0
144	40028	0
144	40028	0
144	40028	0
144	40028	0
144	40028	0
145	40028	0
145	40028	0
145	40028	0
153	40028	0
153	40028	0
153	40028	0
153	40028	0
158	40028	0
158	40028	0
158	40028	0
129	40029	0
129	40029	0
129	40029	0
129	40029	0
135	40029	0
135	40029	0
135	40029	0
135	40029	0
141	40029	0
141	40029	0
141	40029	0
141	40029	0
141	40029	0
146	40029	0
146	40029	0
146	40029	0
146	40029	0
146	40029	0
146	40029	0
147	40029	0
147	40029	0
147	40029	0
147	40029	0
147	40029	0
147	40029	0
147	40029	0
147	40029	0
147	40029	0
147	40029	0
147	40029	0
147	40029	0
156	40029	0
156	40029	0
156	40029	0
135	40030	0
135	40030	8
135	40030	0
135	40030	0
142	40030	0
142	40030	0
142	40030	0
142	40030	0
142	40030	0
143	40030	3
143	40030	0
143	40030	0
144	40030	0
144	40030	0
144	40030	0
144	40030	0
144	40030	0
144	40030	0
144	40030	0
144	40030	0
145	40030	0
145	40030	0
145	40030	0
146	40030	0
146	40030	0
146	40030	0
146	40030	0
146	40030	0
146	40030	0
146	40030	0
146	40030	0
146	40030	0
146	40030	0
146	40030	0
146	40030	0
146	40030	0
146	40030	0
156	40030	0
156	40030	0
156	40030	0
158	40030	0
158	40030	0
158	40030	0
129	40031	0
129	40031	0
129	40031	0
129	40031	0
147	40031	0
147	40031	0
147	40031	0
147	40031	0
147	40031	0
147	40031	0
147	40031	0
147	40031	0
147	40031	0
147	40031	0
147	40031	0
147	40031	0
133	40032	0
133	40032	0
133	40032	0
133	40032	0
147	40032	0
147	40032	0
147	40032	0
147	40032	0
147	40032	0
147	40032	0
147	40032	0
147	40032	0
147	40032	0
147	40032	0
147	40032	0
147	40032	0
147	40032	0
147	40032	0
147	40032	0
147	40032	0
147	40032	0
147	40032	0
153	40032	0
153	40032	0
153	40032	0
153	40032	0
142	40035	0
142	40035	0
142	40035	0
142	40035	0
142	40035	0
143	40035	0
143	40035	0
143	40035	0
144	40035	0
144	40035	0
144	40035	0
144	40035	0
144	40035	0
144	40035	0
144	40035	0
144	40035	0
145	40035	0
145	40035	0
145	40035	0
146	40035	0
146	40035	0
146	40035	0
146	40035	0
146	40035	0
146	40035	0
146	40035	0
146	40035	0
146	40035	0
146	40035	0
146	40035	0
146	40035	0
147	40035	0
147	40035	0
147	40035	0
147	40035	0
147	40035	0
147	40035	0
147	40035	0
147	40035	0
147	40035	0
147	40035	0
147	40035	0
147	40035	0
147	40036	0
147	40036	0
147	40036	0
147	40036	0
147	40036	0
147	40036	0
147	40036	0
147	40036	0
147	40036	0
147	40036	0
147	40036	0
147	40036	0
142	40037	0
142	40037	0
142	40037	0
142	40037	0
142	40037	0
143	40037	0
143	40037	0
143	40037	0
144	40037	0
144	40037	0
144	40037	0
144	40037	0
144	40037	0
144	40037	0
144	40037	0
144	40037	0
145	40037	0
145	40037	0
145	40037	0
146	40037	0
146	40037	0
146	40037	0
146	40037	0
146	40037	0
146	40037	0
146	40037	0
146	40037	0
146	40037	0
146	40037	0
146	40037	0
146	40037	0
135	40038	0
135	40038	0
135	40038	0
135	40038	0
146	40038	0
146	40038	0
146	40038	0
146	40038	0
146	40038	0
146	40038	0
146	40038	0
146	40038	0
146	40038	0
146	40038	0
146	40038	0
146	40038	0
146	40038	0
146	40038	0
147	40038	0
147	40038	0
147	40038	0
147	40038	0
147	40038	0
147	40038	0
156	40038	0
156	40038	0
156	40038	0
135	40039	0
135	40039	0
135	40039	0
135	40039	0
147	40039	0
147	40039	0
147	40039	0
147	40039	0
147	40039	0
147	40039	0
147	40039	0
147	40039	0
147	40039	0
147	40039	0
147	40039	0
147	40039	0
147	40039	0
147	40039	0
147	40039	0
147	40039	0
147	40039	0
147	40039	0
156	40039	0
156	40039	0
156	40039	0
129	40042	0
129	40042	0
129	40042	0
129	40042	0
146	40042	0
146	40042	0
146	40042	0
146	40042	0
146	40042	0
146	40042	0
146	40042	0
146	40042	0
146	40042	0
146	40042	0
146	40042	0
146	40042	1
146	40042	0
146	40042	0
146	40042	0
146	40042	0
133	40043	0
133	40043	0
133	40043	0
133	40043	0
146	40043	0
146	40043	0
146	40043	0
146	40043	0
146	40043	0
146	40043	0
146	40043	0
146	40043	0
146	40043	0
146	40043	0
146	40043	0
146	40043	0
147	40043	0
147	40043	0
147	40043	0
147	40043	0
147	40043	0
147	40043	0
147	40043	0
147	40043	0
147	40043	0
147	40043	0
147	40043	0
147	40043	0
153	40043	0
153	40043	0
153	40043	0
153	40043	0
133	40044	0
133	40044	0
133	40044	0
133	40044	0
142	40044	0
142	40044	0
142	40044	0
142	40044	0
142	40044	0
143	40044	0
143	40044	0
143	40044	0
144	40044	0
144	40044	0
144	40044	0
144	40044	0
144	40044	0
144	40044	0
144	40044	0
144	40044	0
145	40044	0
145	40044	0
145	40044	0
146	40044	0
146	40044	0
146	40044	0
146	40044	0
146	40044	0
146	40044	0
146	40044	0
146	40044	0
146	40044	0
146	40044	0
146	40044	0
146	40044	0
146	40044	0
146	40044	0
146	40044	0
146	40044	0
153	40044	0
153	40044	0
153	40044	0
153	40044	0
129	40045	0
129	40045	0
129	40045	0
129	40045	0
135	40045	0
135	40045	0
135	40045	0
135	40045	0
141	40045	0
141	40045	0
141	40045	0
141	40045	0
141	40045	0
147	40045	0
147	40045	0
147	40045	0
147	40045	0
147	40045	0
147	40045	0
147	40045	0
147	40045	0
147	40045	0
147	40045	0
147	40045	0
147	40045	0
156	40045	0
156	40045	0
156	40045	0
135	40046	0
135	40046	0
135	40046	0
135	40046	0
142	40046	0
142	40046	0
142	40046	0
142	40046	0
142	40046	0
143	40046	0
143	40046	0
143	40046	0
144	40046	0
144	40046	0
144	40046	0
144	40046	0
144	40046	0
144	40046	0
144	40046	0
144	40046	0
145	40046	0
145	40046	0
145	40046	0
156	40046	0
156	40046	0
156	40046	0
135	40049	0
135	40049	0
135	40049	0
135	40049	0
147	40049	0
147	40049	0
147	40049	0
147	40049	0
147	40049	0
147	40049	0
147	40049	0
147	40049	0
147	40049	0
147	40049	0
147	40049	0
147	40049	0
156	40049	0
156	40049	0
156	40049	0
129	40050	0
129	40050	0
129	40050	0
129	40050	0
146	40050	0
146	40050	0
146	40050	0
146	40050	0
146	40050	0
146	40050	0
146	40050	0
146	40050	0
146	40050	0
146	40050	0
146	40050	0
146	40050	1
146	40050	0
146	40050	0
133	40051	0
133	40051	0
133	40051	0
133	40051	0
142	40051	0
142	40051	0
142	40051	0
142	40051	0
142	40051	0
144	40051	0
144	40051	0
144	40051	0
144	40051	0
144	40051	0
144	40051	0
144	40051	0
144	40051	0
146	40051	0
146	40051	0
146	40051	0
146	40051	0
146	40051	0
146	40051	0
146	40051	0
146	40051	0
146	40051	0
146	40051	0
146	40051	0
146	40051	0
146	40051	0
146	40051	0
146	40051	0
146	40051	0
153	40051	0
153	40051	0
153	40051	0
153	40051	0
133	40052	0
133	40052	0
133	40052	0
133	40052	0
142	40052	0
142	40052	0
142	40052	0
142	40052	0
142	40052	0
142	40052	0
142	40052	0
142	40052	0
142	40052	0
142	40052	0
143	40052	0
143	40052	0
143	40052	0
144	40052	0
144	40052	0
144	40052	0
144	40052	0
144	40052	0
144	40052	0
144	40052	0
144	40052	0
145	40052	0
145	40052	0
145	40052	0
147	40052	0
147	40052	0
147	40052	0
147	40052	0
147	40052	0
147	40052	0
153	40052	0
153	40052	0
153	40052	0
153	40052	0
135	40053	0
135	40053	0
135	40053	0
135	40053	0
141	40053	0
141	40053	0
141	40053	0
141	40053	0
141	40053	0
143	40053	0
143	40053	0
143	40053	0
145	40053	0
145	40053	0
145	40053	0
156	40053	0
156	40053	0
156	40053	0
135	40056	0
135	40056	0
135	40056	0
135	40056	0
142	40056	0
142	40056	0
142	40056	0
142	40056	0
142	40056	0
143	40056	0
143	40056	0
143	40056	2
144	40056	0
144	40056	0
144	40056	0
144	40056	0
144	40056	0
144	40056	0
144	40056	0
144	40056	0
145	40056	0
145	40056	0
145	40056	0
146	40056	0
146	40056	0
146	40056	0
146	40056	0
146	40056	0
146	40056	0
146	40056	0
146	40056	0
146	40056	0
146	40056	0
146	40056	0
146	40056	0
146	40056	0
146	40056	0
146	40056	0
146	40056	0
156	40056	0
156	40056	0
156	40056	0
135	40057	1
135	40057	0
135	40057	0
135	40057	0
141	40057	0
141	40057	0
141	40057	0
141	40057	0
141	40057	0
142	40057	0
142	40057	0
142	40057	0
142	40057	0
142	40057	0
144	40057	0
144	40057	0
144	40057	0
144	40057	0
144	40057	0
144	40057	0
144	40057	0
144	40057	0
147	40057	0
147	40057	0
147	40057	0
147	40057	0
147	40057	0
147	40057	0
147	40057	0
147	40057	0
147	40057	0
147	40057	0
147	40057	0
147	40057	0
156	40057	0
156	40057	0
156	40057	0
129	40058	0
129	40058	0
129	40058	0
129	40058	0
129	40058	0
129	40058	0
129	40058	0
129	40058	0
133	40058	0
133	40058	0
133	40058	0
133	40058	0
133	40058	0
133	40058	0
133	40058	0
133	40058	0
146	40058	0
146	40058	0
146	40058	0
146	40058	0
146	40058	0
146	40058	0
146	40058	0
146	40058	0
146	40058	0
146	40058	0
146	40058	0
146	40058	0
146	40058	0
146	40058	0
133	40059	0
133	40059	0
133	40059	0
133	40059	1
133	40059	0
133	40059	0
133	40059	0
133	40059	0
146	40059	0
146	40059	0
146	40059	0
146	40059	0
146	40059	0
146	40059	0
146	40059	0
146	40059	0
146	40059	0
146	40059	0
146	40059	0
146	40059	0
153	40059	0
153	40059	0
153	40059	0
153	40059	0
153	40059	0
153	40059	0
153	40059	0
153	40059	0
129	40060	0
129	40060	0
129	40060	0
129	40060	0
129	40060	0
129	40060	0
129	40060	0
129	40060	0
143	40060	0
143	40060	0
143	40060	1
145	40060	0
145	40060	0
145	40060	0
146	40060	0
146	40060	0
146	40060	0
146	40060	0
146	40060	0
146	40060	0
146	40060	0
146	40060	0
146	40060	0
146	40060	0
146	40060	0
146	40060	0
147	40060	0
147	40060	0
147	40060	1
147	40060	0
147	40060	0
147	40060	0
147	40060	0
147	40060	0
147	40060	0
147	40060	0
147	40060	0
147	40060	0
153	40060	0
153	40060	0
153	40060	0
153	40060	0
153	40060	0
153	40060	0
135	40064	0
135	40064	0
135	40064	0
135	40064	0
141	40064	0
141	40064	0
141	40064	0
141	40064	0
141	40064	0
141	40064	0
141	40064	0
141	40064	0
141	40064	0
141	40064	0
142	40064	0
142	40064	0
142	40064	0
142	40064	0
142	40064	0
146	40064	0
146	40064	0
146	40064	0
146	40064	0
146	40064	0
146	40064	0
146	40064	0
146	40064	0
146	40064	0
146	40064	0
146	40064	0
146	40064	0
146	40064	0
146	40064	0
146	40064	0
146	40064	0
146	40064	0
146	40064	0
147	40064	0
147	40064	0
147	40064	0
147	40064	0
147	40064	0
147	40064	0
147	40064	0
147	40064	0
147	40064	0
147	40064	0
147	40064	0
147	40064	0
147	40064	0
147	40064	0
147	40064	0
147	40064	0
147	40064	0
147	40064	0
156	40064	0
156	40064	0
156	40064	0
129	40065	0
129	40065	0
129	40065	0
129	40065	0
135	40065	0
135	40065	0
135	40065	0
135	40065	0
142	40065	0
142	40065	0
142	40065	0
142	40065	0
142	40065	0
142	40065	0
142	40065	0
142	40065	0
142	40065	0
142	40065	0
143	40065	0
143	40065	0
143	40065	0
143	40065	0
143	40065	0
143	40065	0
144	40065	0
144	40065	0
144	40065	0
144	40065	0
144	40065	0
144	40065	0
144	40065	0
144	40065	0
144	40065	0
144	40065	0
144	40065	0
144	40065	0
144	40065	0
144	40065	0
144	40065	0
144	40065	0
145	40065	0
145	40065	0
145	40065	0
145	40065	0
145	40065	0
145	40065	0
146	40065	0
146	40065	0
146	40065	0
146	40065	0
146	40065	0
146	40065	0
146	40065	0
146	40065	0
146	40065	0
146	40065	0
146	40065	1
146	40065	0
156	40065	0
156	40065	0
156	40065	0
156	40065	0
156	40065	0
156	40065	0
133	40066	0
133	40066	0
133	40066	0
133	40066	0
146	40066	0
146	40066	0
146	40066	0
146	40066	0
146	40066	0
146	40066	0
146	40066	0
146	40066	0
146	40066	0
146	40066	0
146	40066	0
146	40066	0
146	40066	0
146	40066	0
147	40066	0
147	40066	0
147	40066	0
147	40066	0
147	40066	0
147	40066	0
147	40066	0
147	40066	0
147	40066	0
147	40066	0
147	40066	0
147	40066	0
129	40067	0
129	40067	0
129	40067	0
129	40067	0
133	40067	0
133	40067	0
133	40067	0
133	40067	0
142	40067	0
142	40067	0
142	40067	0
142	40067	0
142	40067	0
143	40067	0
143	40067	0
143	40067	0
144	40067	0
144	40067	0
144	40067	0
144	40067	0
144	40067	0
144	40067	0
144	40067	0
144	40067	0
145	40067	0
145	40067	0
145	40067	0
147	40067	0
147	40067	0
147	40067	0
147	40067	0
147	40067	0
147	40067	0
147	40067	0
147	40067	0
147	40067	0
147	40067	0
147	40067	0
147	40067	0
153	40067	0
153	40067	0
153	40067	0
153	40067	0
147	40068	0
147	40068	0
147	40068	0
147	40068	0
147	40068	0
147	40068	0
147	40068	0
147	40068	0
147	40068	0
147	40068	0
147	40068	0
147	40068	0
129	40070	0
129	40070	0
129	40070	0
129	40070	0
142	40070	0
142	40070	0
142	40070	0
142	40070	0
142	40070	0
143	40070	0
143	40070	0
143	40070	2
144	40070	0
144	40070	0
144	40070	0
144	40070	0
144	40070	0
144	40070	0
144	40070	0
144	40070	0
145	40070	0
145	40070	0
145	40070	0
146	40070	0
146	40070	0
146	40070	0
146	40070	0
146	40070	0
146	40070	0
146	40070	0
146	40070	0
146	40070	0
146	40070	0
146	40070	0
146	40070	0
153	40070	0
153	40070	0
153	40070	0
153	40070	0
135	40071	0
135	40071	0
135	40071	0
135	40071	0
141	40071	0
141	40071	0
141	40071	0
141	40071	0
141	40071	0
143	40071	0
143	40071	0
143	40071	0
144	40071	0
144	40071	0
144	40071	0
144	40071	0
144	40071	0
144	40071	0
144	40071	0
144	40071	0
145	40071	0
145	40071	0
145	40071	0
147	40071	0
147	40071	0
147	40071	0
147	40071	0
147	40071	0
147	40071	0
147	40071	0
147	40071	0
147	40071	0
147	40071	0
147	40071	0
147	40071	0
156	40071	0
156	40071	0
156	40071	0
135	40072	0
135	40072	0
135	40072	0
135	40072	0
146	40072	0
146	40072	0
146	40072	0
146	40072	0
146	40072	0
146	40072	0
146	40072	0
146	40072	0
146	40072	0
146	40072	0
146	40072	0
146	40072	0
146	40072	0
146	40072	0
147	40072	0
147	40072	0
147	40072	0
147	40072	0
147	40072	0
147	40072	0
147	40072	0
147	40072	0
147	40072	0
147	40072	0
147	40072	0
147	40072	0
156	40072	0
156	40072	0
156	40072	0
129	40073	0
129	40073	0
129	40073	0
129	40073	0
133	40073	0
133	40073	0
133	40073	0
133	40073	0
146	40073	0
146	40073	0
146	40073	0
146	40073	0
146	40073	0
146	40073	0
146	40073	0
146	40073	0
146	40073	0
146	40073	0
146	40073	0
146	40073	0
146	40073	0
146	40073	0
146	40073	0
146	40073	0
147	40073	0
147	40073	0
147	40073	0
147	40073	0
147	40073	0
147	40073	0
147	40073	0
147	40073	0
147	40073	0
147	40073	0
147	40073	0
147	40073	0
133	40074	0
133	40074	0
133	40074	0
133	40074	0
146	40074	0
146	40074	0
146	40074	0
146	40074	0
146	40074	0
146	40074	0
146	40074	0
146	40074	0
146	40074	0
146	40074	0
146	40074	0
146	40074	0
153	40074	0
153	40074	0
153	40074	0
153	40074	0
133	40077	0
133	40077	0
133	40077	0
133	40077	0
146	40077	0
146	40077	0
146	40077	0
146	40077	0
146	40077	0
146	40077	0
146	40077	0
146	40077	0
146	40077	0
146	40077	0
146	40077	0
146	40077	0
146	40077	0
146	40077	0
153	40077	0
153	40077	0
153	40077	0
153	40077	0
156	40077	0
156	40077	0
156	40077	0
129	40078	0
129	40078	0
129	40078	0
129	40078	0
142	40078	0
142	40078	0
142	40078	0
142	40078	0
142	40078	0
142	40078	0
142	40078	0
142	40078	0
142	40078	0
142	40078	0
143	40078	0
143	40078	2
143	40078	0
144	40078	0
144	40078	0
144	40078	0
144	40078	0
144	40078	0
144	40078	0
144	40078	2
144	40078	0
145	40078	0
145	40078	0
145	40078	0
147	40078	0
147	40078	0
147	40078	0
147	40078	0
147	40078	0
147	40078	0
153	40078	0
153	40078	0
153	40078	0
153	40078	0
135	40079	0
135	40079	0
135	40079	0
135	40079	0
141	40079	0
141	40079	0
141	40079	0
141	40079	0
141	40079	0
142	40079	0
142	40079	0
142	40079	0
142	40079	0
142	40079	0
143	40079	0
143	40079	0
143	40079	0
144	40079	0
144	40079	0
144	40079	0
144	40079	0
144	40079	0
144	40079	0
144	40079	0
144	40079	0
145	40079	0
145	40079	0
145	40079	0
147	40079	0
147	40079	0
147	40079	0
147	40079	0
147	40079	0
147	40079	0
147	40079	0
147	40079	0
147	40079	0
147	40079	0
147	40079	0
147	40079	0
153	40079	0
153	40079	0
153	40079	0
153	40079	0
135	40080	0
135	40080	0
135	40080	0
135	40080	0
146	40080	0
146	40080	0
146	40080	0
146	40080	0
146	40080	0
146	40080	0
146	40080	0
146	40080	0
146	40080	0
146	40080	0
146	40080	0
146	40080	0
146	40080	0
146	40080	0
156	40080	0
156	40080	0
156	40080	0
146	40081	0
146	40081	0
146	40081	0
146	40081	0
146	40081	0
146	40081	0
146	40081	0
146	40081	0
146	40081	0
146	40081	0
146	40081	1
146	40081	0
146	40081	0
146	40081	0
129	40084	0
129	40084	0
129	40084	0
129	40084	0
133	40084	0
133	40084	0
133	40084	0
133	40084	0
146	40084	0
146	40084	0
146	40084	0
146	40084	0
146	40084	0
146	40084	0
146	40084	0
146	40084	0
146	40084	0
146	40084	0
146	40084	0
146	40084	0
146	40084	0
146	40084	0
146	40084	0
146	40084	0
146	40085	0
146	40085	0
146	40085	0
146	40085	0
146	40085	0
146	40085	0
146	40085	0
146	40085	0
146	40085	0
146	40085	0
146	40085	0
146	40085	0
146	40085	0
146	40085	0
146	40085	0
146	40085	0
129	40086	0
129	40086	0
129	40086	0
129	40086	0
142	40086	0
142	40086	0
142	40086	0
142	40086	0
142	40086	0
142	40086	0
142	40086	0
142	40086	0
142	40086	0
142	40086	0
147	40086	0
147	40086	0
147	40086	0
147	40086	0
147	40086	0
147	40086	0
147	40086	0
147	40086	0
147	40086	0
147	40086	0
147	40086	0
147	40086	0
153	40086	0
153	40086	0
153	40086	0
153	40086	0
135	40087	0
135	40087	0
135	40087	0
135	40087	0
141	40087	0
141	40087	0
141	40087	0
141	40087	0
141	40087	0
142	40087	0
142	40087	0
142	40087	0
142	40087	0
142	40087	0
143	40087	0
143	40087	0
143	40087	0
144	40087	0
144	40087	0
144	40087	0
144	40087	0
144	40087	0
144	40087	0
144	40087	0
144	40087	0
147	40087	0
147	40087	0
147	40087	0
147	40087	0
147	40087	0
147	40087	0
147	40087	0
147	40087	0
147	40087	0
147	40087	0
147	40087	0
147	40087	0
147	40087	0
153	40087	0
153	40087	0
153	40087	0
153	40087	0
133	40088	0
133	40088	0
133	40088	0
133	40088	0
135	40088	0
135	40088	0
135	40088	0
135	40088	0
143	40088	0
143	40088	0
143	40088	0
144	40088	0
144	40088	0
144	40088	0
144	40088	0
144	40088	0
144	40088	0
144	40088	0
144	40088	0
156	40089	0
156	40089	0
156	40089	0
135	40091	0
135	40091	0
135	40091	0
135	40091	0
147	40091	0
147	40091	0
147	40091	0
147	40091	0
147	40091	0
147	40091	0
147	40091	0
147	40091	0
147	40091	0
147	40091	0
147	40091	0
147	40091	0
156	40091	0
156	40091	0
156	40091	0
129	40092	0
129	40092	0
129	40092	0
129	40092	0
133	40092	0
133	40092	0
133	40092	0
133	40092	0
133	40093	0
133	40093	0
133	40093	0
147	40093	0
147	40093	0
147	40093	0
147	40093	0
147	40093	0
147	40093	0
147	40093	0
147	40093	0
147	40093	0
147	40093	0
147	40093	0
147	40093	0
156	40093	0
156	40093	0
156	40093	0
129	40094	0
129	40094	1
129	40094	0
129	40094	0
142	40094	0
142	40094	0
142	40094	0
142	40094	0
142	40094	0
143	40094	0
143	40094	0
143	40094	0
144	40094	0
144	40094	0
144	40094	0
144	40094	0
144	40094	0
144	40094	0
144	40094	0
144	40094	0
146	40094	0
146	40094	0
146	40094	0
146	40094	0
146	40094	0
146	40094	0
147	40094	0
147	40094	0
147	40094	0
147	40094	0
147	40094	0
147	40094	0
147	40094	0
147	40094	0
147	40094	0
147	40094	0
147	40094	0
147	40094	0
153	40094	0
153	40094	0
153	40094	0
153	40094	0
135	40095	0
135	40095	0
135	40095	0
135	40095	0
141	40095	0
141	40095	0
141	40095	0
141	40095	0
141	40095	0
142	40095	0
142	40095	0
142	40095	0
142	40095	0
142	40095	0
143	40095	0
143	40095	0
143	40095	0
144	40095	0
144	40095	0
144	40095	0
144	40095	0
144	40095	0
144	40095	0
144	40095	0
144	40095	0
146	40095	0
146	40095	0
146	40095	0
146	40095	0
146	40095	0
146	40095	0
147	40095	0
147	40095	0
147	40095	0
147	40095	0
147	40095	0
147	40095	0
147	40095	0
147	40095	0
147	40095	0
147	40095	0
147	40095	0
147	40095	0
153	40095	0
153	40095	0
153	40095	0
153	40095	0
135	40098	0
135	40098	0
135	40098	0
135	40098	0
141	40098	0
141	40098	0
141	40098	0
141	40098	0
141	40098	0
153	40098	0
153	40098	0
153	40098	0
153	40098	0
135	40099	0
135	40099	0
135	40099	0
135	40099	0
147	40099	0
147	40099	0
147	40099	0
147	40099	0
147	40099	0
147	40099	0
147	40099	0
147	40099	0
147	40099	0
147	40099	0
147	40099	0
147	40099	0
156	40099	0
156	40099	0
156	40099	0
129	40100	0
129	40100	0
129	40100	0
129	40100	0
133	40100	0
133	40100	0
133	40100	0
142	40100	0
142	40100	0
142	40100	0
142	40100	0
142	40100	0
143	40100	0
143	40100	0
143	40100	0
144	40100	0
144	40100	0
144	40100	0
144	40100	0
144	40100	0
144	40100	0
144	40100	0
144	40100	0
146	40100	0
146	40100	0
146	40100	0
146	40100	0
146	40100	0
146	40100	0
133	40101	0
133	40101	0
133	40101	0
133	40101	0
147	40101	0
147	40101	0
147	40101	0
147	40101	0
147	40101	0
147	40101	0
147	40101	0
147	40101	0
147	40101	0
147	40101	0
147	40101	0
147	40101	0
156	40101	0
156	40101	0
156	40101	0
129	40102	0
129	40102	0
129	40102	0
129	40102	0
142	40102	0
142	40102	0
142	40102	0
142	40102	0
142	40102	0
143	40102	0
143	40102	0
143	40102	0
144	40102	0
144	40102	0
144	40102	0
144	40102	0
144	40102	0
144	40102	0
144	40102	0
144	40102	1
146	40102	0
146	40102	0
146	40102	0
146	40102	0
146	40102	0
146	40102	0
153	40102	0
153	40102	0
153	40102	0
129	40105	0
129	40105	0
129	40105	0
129	40105	0
153	40105	0
153	40105	0
153	40105	0
153	40105	0
135	40106	0
135	40106	0
135	40106	0
135	40106	0
141	40106	0
141	40106	0
141	40106	0
141	40106	0
141	40106	0
142	40106	0
142	40106	0
142	40106	0
142	40106	0
142	40106	0
143	40106	0
143	40106	0
143	40106	0
144	40106	0
144	40106	0
144	40106	0
144	40106	0
144	40106	0
144	40106	0
144	40106	0
144	40106	0
146	40106	0
146	40106	0
146	40106	0
146	40106	0
146	40106	0
146	40106	0
146	40106	0
146	40106	0
146	40106	0
146	40106	0
146	40106	0
146	40106	0
146	40106	0
146	40106	0
146	40106	0
146	40106	0
153	40106	0
153	40106	0
153	40106	0
135	40107	0
135	40107	0
135	40107	0
135	40107	0
143	40107	0
143	40107	0
143	40107	0
144	40107	0
144	40107	0
144	40107	0
144	40107	0
144	40107	0
144	40107	0
144	40107	0
144	40107	0
146	40107	0
146	40107	0
146	40107	0
146	40107	0
146	40107	0
146	40107	0
146	40107	0
146	40107	0
146	40107	0
146	40107	0
146	40107	0
146	40107	0
146	40107	0
146	40107	0
146	40107	0
146	40107	0
156	40107	0
156	40107	0
156	40107	0
133	40108	0
133	40108	0
133	40108	0
147	40108	0
147	40108	0
147	40108	0
147	40108	0
147	40108	0
147	40108	0
147	40108	0
147	40108	0
147	40108	0
147	40108	0
147	40108	0
147	40108	0
147	40108	0
147	40108	0
156	40108	0
156	40108	0
156	40108	0
129	40109	0
129	40109	0
129	40109	0
129	40109	0
133	40109	0
133	40109	0
133	40109	0
133	40112	0
133	40112	0
133	40112	0
147	40112	0
147	40112	0
147	40112	0
147	40112	0
147	40112	0
147	40112	0
147	40112	0
147	40112	0
147	40112	0
147	40112	0
147	40112	0
147	40112	0
147	40112	0
147	40112	0
156	40112	0
156	40112	0
156	40112	0
129	40113	0
129	40113	0
129	40113	0
129	40113	0
142	40113	0
142	40113	0
142	40113	0
142	40113	0
142	40113	0
143	40113	0
143	40113	0
143	40113	0
144	40113	0
144	40113	0
144	40113	0
144	40113	0
144	40113	0
144	40113	0
144	40113	0
144	40113	0
146	40113	0
146	40113	0
146	40113	0
146	40113	0
146	40113	0
146	40113	0
146	40113	0
146	40113	0
146	40113	0
146	40113	0
146	40113	0
146	40113	0
146	40113	0
146	40113	0
146	40113	0
146	40113	0
153	40113	0
153	40113	0
153	40113	0
135	40114	0
135	40114	0
135	40114	0
135	40114	0
141	40114	0
141	40114	0
141	40114	0
141	40114	0
141	40114	0
142	40114	0
142	40114	0
142	40114	0
142	40114	0
142	40114	0
142	40114	0
142	40114	0
142	40114	0
142	40114	0
142	40114	0
156	40114	0
156	40114	0
156	40114	0
143	40115	0
143	40115	0
143	40115	0
144	40115	0
144	40115	0
144	40115	0
144	40115	0
144	40115	0
144	40115	0
144	40115	0
144	40115	0
146	40115	0
146	40115	0
146	40115	0
146	40115	0
146	40115	0
146	40115	0
146	40115	0
146	40115	0
147	40115	0
147	40115	0
147	40115	0
147	40115	0
147	40115	0
147	40115	0
147	40115	0
147	40115	0
147	40115	0
147	40115	0
147	40115	0
147	40115	0
129	40116	0
129	40116	0
129	40116	0
129	40116	0
133	40116	0
133	40116	0
133	40116	0
133	40119	0
133	40119	0
133	40119	0
129	40120	0
129	40120	0
129	40120	0
129	40120	0
147	40120	0
147	40120	0
147	40120	0
147	40120	0
147	40120	0
147	40120	0
147	40120	0
147	40120	0
147	40120	1
147	40120	0
147	40120	0
147	40120	0
153	40120	0
153	40120	0
153	40120	0
147	40121	0
147	40121	0
147	40121	0
147	40121	0
147	40121	0
147	40121	0
147	40121	0
147	40121	0
147	40121	0
147	40121	0
147	40121	0
147	40121	0
156	40121	0
156	40121	0
156	40121	0
133	40122	0
133	40122	0
133	40122	0
135	40122	0
135	40122	0
135	40122	0
135	40122	0
141	40122	0
141	40122	0
141	40122	0
141	40122	0
141	40122	0
142	40122	0
142	40122	0
142	40122	0
142	40122	1
142	40122	1
143	40122	0
143	40122	0
143	40122	0
144	40122	0
144	40122	0
144	40122	0
144	40122	0
144	40122	0
144	40122	0
144	40122	0
144	40122	0
146	40122	0
146	40122	0
146	40122	0
146	40122	0
146	40122	0
146	40122	0
146	40122	0
146	40122	0
147	40122	0
147	40122	0
147	40122	0
147	40122	0
147	40122	0
147	40122	0
147	40122	0
147	40122	0
147	40122	0
147	40122	0
147	40122	0
147	40122	0
156	40122	0
156	40122	0
156	40122	0
129	40123	0
129	40123	0
129	40123	0
129	40123	0
135	40123	0
135	40123	0
135	40123	0
135	40123	0
142	40123	0
142	40123	0
142	40123	0
142	40123	0
142	40123	0
143	40123	0
143	40123	0
143	40123	0
144	40123	0
144	40123	0
144	40123	0
144	40123	0
144	40123	0
144	40123	0
144	40123	0
144	40123	0
146	40123	0
146	40123	0
146	40123	0
146	40123	0
146	40123	0
146	40123	0
153	40123	0
153	40123	0
153	40123	0
129	40126	0
129	40126	0
129	40126	0
129	40126	0
135	40126	0
135	40126	0
135	40126	0
135	40126	0
133	40127	0
133	40127	0
133	40127	0
143	40127	0
143	40127	0
143	40127	0
144	40127	0
144	40127	0
144	40127	0
144	40127	0
144	40127	0
144	40127	0
144	40127	0
144	40127	0
146	40127	0
146	40127	0
146	40127	0
146	40127	0
146	40127	0
146	40127	0
147	40127	0
147	40127	0
147	40127	0
147	40127	0
147	40127	0
147	40127	0
143	40128	0
143	40128	0
143	40128	0
144	40128	0
144	40128	0
144	40128	0
144	40128	0
144	40128	0
144	40128	0
144	40128	0
144	40128	0
146	40128	0
146	40128	0
146	40128	0
146	40128	0
146	40128	0
146	40128	0
147	40128	0
147	40128	0
147	40128	0
147	40128	0
147	40128	0
147	40128	0
147	40128	0
156	40128	0
156	40128	2
156	40128	1
133	40129	0
133	40129	0
133	40129	0
153	40129	0
153	40129	0
153	40129	0
129	40130	0
129	40130	0
129	40130	0
129	40130	0
135	40130	0
135	40130	0
135	40130	0
135	40130	0
141	40130	0
141	40130	0
141	40130	0
141	40130	0
141	40130	0
147	40130	0
147	40130	0
147	40130	0
147	40130	0
147	40130	0
147	40130	0
147	40130	0
147	40130	0
147	40130	0
147	40130	0
147	40130	0
147	40130	0
156	40130	0
156	40130	0
156	40130	0
133	40133	0
133	40133	0
133	40133	0
135	40133	0
135	40133	0
135	40133	0
135	40133	0
156	40133	0
156	40133	0
156	40133	0
129	40134	0
129	40134	0
129	40134	0
129	40134	0
129	40134	0
129	40134	0
129	40134	0
129	40134	0
135	40134	0
135	40134	0
135	40134	0
135	40134	0
135	40134	0
135	40134	0
135	40134	0
135	40134	0
142	40134	0
142	40134	0
142	40134	0
142	40134	0
142	40134	0
142	40134	0
142	40134	0
142	40134	0
142	40134	0
142	40134	0
143	40134	0
143	40134	0
143	40134	0
143	40134	0
143	40134	0
143	40134	0
144	40134	0
144	40134	0
144	40134	0
144	40134	0
144	40134	0
144	40134	0
144	40134	0
144	40134	0
144	40134	0
144	40134	0
144	40134	0
144	40134	0
144	40134	0
144	40134	0
144	40134	0
144	40134	0
133	40135	0
133	40135	0
133	40135	0
133	40135	0
133	40135	0
133	40135	0
142	40135	0
142	40135	0
142	40135	0
142	40135	0
142	40135	0
143	40135	0
143	40135	0
143	40135	0
144	40135	0
144	40135	0
144	40135	0
144	40135	0
144	40135	0
144	40135	0
144	40135	0
144	40135	0
146	40135	0
146	40135	0
146	40135	0
146	40135	0
146	40135	0
146	40135	0
146	40135	0
146	40135	0
146	40135	0
146	40135	0
146	40135	0
146	40135	0
146	40135	0
146	40135	0
146	40135	0
146	40135	0
146	40135	0
146	40135	0
147	40135	0
147	40135	0
147	40135	0
147	40135	0
147	40135	0
147	40135	0
153	40135	0
153	40135	0
153	40135	0
146	40136	1
146	40136	0
146	40136	0
146	40136	0
146	40136	0
146	40136	0
146	40136	0
146	40136	0
146	40136	0
146	40136	0
146	40136	0
146	40136	0
146	40136	0
146	40136	0
147	40136	0
147	40136	0
147	40136	0
147	40136	0
147	40136	0
147	40136	0
147	40136	0
147	40136	0
147	40136	0
147	40136	0
147	40136	0
147	40136	0
156	40136	0
156	40136	0
156	40136	0
156	40136	0
156	40136	0
156	40136	0
129	40137	0
129	40137	0
129	40137	0
129	40137	0
141	40137	0
141	40137	0
141	40137	0
141	40137	0
141	40137	21
141	40137	0
141	40137	0
141	40137	0
141	40137	0
141	40137	0
146	40137	0
146	40137	0
146	40137	0
146	40137	0
146	40137	0
146	40137	0
146	40137	0
146	40137	0
146	40137	0
146	40137	0
146	40137	0
146	40137	0
146	40137	0
146	40137	0
147	40137	0
147	40137	0
147	40137	0
147	40137	0
147	40137	0
147	40137	0
147	40137	0
147	40137	0
147	40137	0
147	40137	0
147	40137	0
147	40137	0
153	40137	0
153	40137	0
153	40137	0
142	40140	0
142	40140	0
142	40140	0
142	40140	0
142	40140	0
142	40140	0
142	40140	0
142	40140	0
142	40140	0
142	40140	0
143	40140	0
143	40140	0
143	40140	0
144	40140	0
144	40140	0
144	40140	0
144	40140	0
144	40140	0
144	40140	0
144	40140	0
144	40140	0
146	40140	0
146	40140	0
146	40140	0
146	40140	0
146	40140	0
146	40140	0
147	40140	0
147	40140	0
147	40140	0
147	40140	0
147	40140	0
147	40140	0
153	40140	0
153	40140	0
153	40140	0
156	40140	0
156	40140	0
156	40140	0
133	40141	0
133	40141	0
133	40141	0
135	40141	0
135	40141	0
135	40141	0
135	40141	0
141	40141	0
141	40141	0
141	40141	0
141	40141	0
141	40141	0
129	40142	0
129	40142	0
129	40142	0
129	40142	0
142	40142	0
142	40142	0
142	40142	0
142	40142	0
142	40142	0
143	40142	0
143	40142	0
143	40142	0
144	40142	0
144	40142	0
144	40142	0
144	40142	0
144	40142	0
144	40142	0
144	40142	0
144	40142	0
146	40142	0
146	40142	0
146	40142	0
146	40142	0
146	40142	0
146	40142	0
147	40142	0
147	40142	0
147	40142	0
147	40142	0
147	40142	0
147	40142	0
147	40142	0
133	40147	0
133	40147	0
133	40147	0
141	40147	0
141	40147	0
141	40147	0
141	40147	1
141	40147	0
133	40148	0
133	40148	0
133	40148	0
156	40148	0
156	40148	0
156	40148	0
129	40149	0
129	40149	0
129	40149	0
129	40149	0
142	40149	0
142	40149	0
142	40149	0
142	40149	0
142	40149	0
143	40149	0
143	40149	0
143	40149	0
144	40149	0
144	40149	0
144	40149	0
144	40149	0
144	40149	0
144	40149	0
144	40149	0
144	40149	0
146	40149	0
146	40149	0
146	40149	0
146	40149	0
146	40149	0
146	40149	0
146	40149	0
146	40149	0
146	40149	0
146	40149	0
146	40149	0
146	40149	0
147	40149	0
147	40149	0
147	40149	0
147	40149	0
147	40149	0
147	40149	0
147	40149	0
153	40149	0
153	40149	0
153	40149	0
135	40150	0
135	40150	0
135	40150	0
135	40150	0
142	40150	0
142	40150	0
142	40150	0
142	40150	0
142	40150	0
144	40150	0
144	40150	0
144	40150	0
144	40150	0
144	40150	0
144	40150	0
144	40150	0
144	40150	0
146	40150	0
146	40150	0
146	40150	0
146	40150	0
146	40150	0
146	40150	0
147	40150	0
147	40150	0
147	40150	0
147	40150	0
147	40150	0
147	40150	0
147	40150	0
147	40150	0
147	40150	0
147	40150	0
147	40150	0
147	40150	0
153	40150	0
153	40150	0
153	40150	0
129	40151	0
129	40151	0
129	40151	0
129	40151	0
135	40151	0
135	40151	0
135	40151	0
135	40151	0
143	40151	0
143	40151	0
143	40151	0
156	40151	0
156	40151	0
156	40151	0
129	40154	0
129	40154	0
129	40154	0
129	40154	0
135	40154	0
135	40154	0
135	40154	0
135	40154	0
141	40154	0
141	40154	0
141	40154	0
141	40154	0
141	40154	0
142	40156	0
142	40156	0
142	40156	0
142	40156	0
142	40156	0
143	40156	0
143	40156	0
143	40156	0
144	40156	0
144	40156	0
144	40156	0
144	40156	0
144	40156	0
144	40156	0
144	40156	0
144	40156	0
146	40156	0
146	40156	0
146	40156	0
146	40156	0
146	40156	0
146	40156	0
147	40156	0
147	40156	0
147	40156	0
147	40156	0
147	40156	0
147	40156	0
156	40156	0
156	40156	0
156	40156	0
129	40157	0
129	40157	0
129	40157	0
129	40157	0
133	40157	0
133	40157	0
133	40157	0
153	40157	0
153	40157	0
153	40157	0
135	40158	0
135	40158	0
135	40158	0
135	40158	0
142	40158	0
142	40158	0
142	40158	0
142	40158	0
142	40158	0
143	40158	0
143	40158	0
143	40158	0
144	40158	0
144	40158	0
144	40158	0
144	40158	0
144	40158	0
144	40158	0
144	40158	0
144	40158	0
146	40158	0
146	40158	0
146	40158	0
146	40158	0
146	40158	0
146	40158	0
147	40158	0
147	40158	0
147	40158	0
147	40158	0
147	40158	0
147	40158	0
147	40158	0
147	40158	0
147	40158	0
147	40158	0
147	40158	0
147	40158	0
156	40158	0
156	40158	0
156	40158	0
135	40161	0
135	40161	0
135	40161	0
135	40161	0
146	40161	0
146	40161	0
146	40161	0
146	40161	0
146	40161	0
146	40161	0
146	40161	0
146	40161	0
146	40161	0
146	40161	0
146	40161	0
146	40161	0
146	40161	0
146	40161	0
146	40161	0
146	40161	0
156	40161	0
156	40161	0
156	40161	0
129	40162	0
129	40162	0
129	40162	0
129	40162	0
135	40162	0
135	40162	0
135	40162	0
135	40162	0
141	40162	0
141	40162	0
141	40162	0
141	40162	1
141	40162	0
142	40162	0
142	40162	0
142	40162	0
142	40162	0
142	40162	0
143	40162	0
143	40162	0
143	40162	0
144	40162	0
144	40162	0
144	40162	0
144	40162	0
144	40162	0
144	40162	0
144	40162	0
144	40162	0
146	40162	0
146	40162	0
146	40162	0
146	40162	0
146	40162	0
146	40162	0
146	40162	0
146	40162	0
133	40163	0
133	40163	0
133	40163	0
147	40163	0
147	40163	0
147	40163	0
147	40163	0
147	40163	0
147	40163	0
153	40163	0
153	40163	0
153	40163	0
142	40164	0
142	40164	0
142	40164	0
142	40164	0
142	40164	0
143	40164	0
143	40164	0
143	40164	0
144	40164	0
144	40164	0
144	40164	0
144	40164	0
144	40164	0
144	40164	0
144	40164	0
144	40164	0
129	40165	0
129	40165	0
129	40165	0
129	40165	0
133	40165	0
133	40165	0
133	40165	0
153	40165	0
153	40165	0
153	40165	0
133	40168	0
133	40168	0
133	40168	0
142	40168	0
142	40168	0
142	40168	0
142	40168	0
142	40168	0
143	40168	0
143	40168	0
143	40168	1
144	40168	0
144	40168	0
144	40168	0
144	40168	0
144	40168	0
144	40168	0
144	40168	0
144	40168	0
135	40169	0
135	40169	0
135	40169	0
135	40169	0
141	40169	0
141	40169	0
141	40169	0
141	40169	0
141	40169	0
142	40169	0
142	40169	0
142	40169	0
142	40169	0
142	40169	0
143	40169	0
143	40169	0
143	40169	0
144	40169	0
144	40169	0
144	40169	0
144	40169	0
144	40169	0
144	40169	0
144	40169	0
144	40169	0
129	40170	0
129	40170	0
129	40170	0
129	40170	0
129	40176	0
129	40176	0
129	40176	0
129	40176	0
133	40176	0
133	40176	0
133	40176	0
135	40176	0
135	40176	0
135	40176	0
135	40176	0
141	40176	0
141	40176	0
141	40176	0
141	40176	0
141	40176	0
142	40176	0
142	40176	0
142	40176	0
142	40176	0
142	40176	0
143	40176	0
143	40176	0
143	40176	0
144	40176	0
144	40176	0
144	40176	0
144	40176	0
144	40176	0
144	40176	0
144	40176	0
144	40176	0
146	40176	0
146	40176	0
146	40176	0
146	40176	0
146	40176	0
146	40176	0
146	40176	0
146	40176	0
147	40176	1
147	40176	0
147	40176	0
147	40176	0
147	40176	0
147	40176	0
147	40176	0
		
		
		
		
		
		
		
		
		
		
		
