Rm	Date	Read1	Read2	Read3	MEAN
131	39925	212	247	124	194
131	39925	335	12	2	116
131	39925	18	43	29	30
133	39925	29	73	54	52
133	39925	54	69	15	46
133	39925	30	26	27	28
143	39925	167	59	54	93
145	39925	212	149	112	158
128	39926	131	59	42	77
129	39926	128	161	123	137
129	39926	76	11	11	33
129	39926	34	38	24	32
143	39926	66	12	13	30
143	39926	66	12	13	30
145	39926	25	100	20	48
152	39926	71	18	7	32
156	39926	15	26	27	23
156	39926	118	287	75	160
134	39927	31	17	20	23
153	39927	103	104	156	121
153	39927	16	5	11	11
153	39927	80	113	73	89
153	39927	522	471	399	464
153	39927	972	1242	1060	1091
153	39927	1063	1073	918	1018
154	39927	136	149	29	105
154	39927	443	218	214	292
164	39927	0	0	0	0
164	39927	0	0	0	0
147A	39927	8	35	11	18
147A	39927	69	53	56	59
131	39930	2	1	14	6
131	39930	1	3	58	21
131	39930	4	17	7	9
132	39930	17	10	25	17
133	39930	115	348	49	171
133	39930	11	8	15	11
133	39930	41	39	18	33
164	39930	0	0	0	0
164	39930	0	0	0	0
147A	39930	41	42	59	47
147A	39930	77	65	1375	506
152	39931	39	114	29	61
153	39931	27	20	39	29
153	39931	22	14	22	19
153	39931	194	109	67	123
154	39931	157	140	30	109
156	39931	22	25	0	16
156	39931	15	1	21	12
164	39931	0	0	0	0
164	39931	0	0	0	0
147A	39931	25	2	5	11
147A	39931	41	9	2	17
143	39932	15	1	22	13
145	39932	70	64	76	70
145	39932	538	192	73	268
147	39933	62	15	21	33
147	39933	50	19	9	26
164T	39933	0	0	0	0
164T	39933	0	0	0	0
126	39934	151	100	122	124
127	39934	51	150	27	76
127	39934	46	19	8	24
127	39934	66	15	9	30
143	39934	763	275	181	406
145	39934	194	86	242	174
157	39934	61	126	99	95
159	39934	9	2	1	4
159	39934	49	4	1	18
164	39934	12	10	1	8
164	39934	2	0	0	1
147A	39934	265	214	202	227
147A	39934	268	150	63	160
128	39935	159	127	74	120
129	39935	196	306	178	227
129	39935	598	533	165	432
129	39935	57	4	3	21
134	39935	268	120	76	155
135	39935	1076	419	186	560
135	39935	36	70	31	46
135	39935	53	31	38	41
131	39937	8	2	3	4
131	39937	24	79	36	46
131	39937	32	14	4	17
132	39937	75	32	18	42
133	39937	14	18	6	13
133	39937	32	7	6	15
133	39937	50	29	13	31
126	39938	150	281	185	205
127	39938	40	85	78	68
127	39938	13	9	9	10
127	39938	120	58	216	131
157	39938	10	1	3	5
159	39938	9	2	12	8
159	39938	10	1	12	8
128	39940	203	217	133	184
129	39940	1466	1167	1123	1252
129	39940	536	711	2162	1136
129	39940	1776	1289	972	1346
143	39941	137	400	53	197
145	39941	1834	648	276	919
152	39941	88	23	6	39
153	39941	358	99	146	201
153	39941	96	124	40	87
153	39941	69	69	50	63
153	39941	148	96	51	98
153	39941	20	62	28	37
153	39941	30	35	27	31
154	39941	112	38	25	58
154	39941	147	42	27	72
156	39941	31	12	3	15
156	39941	0	0	0	0
147A	39941	57	39	24	40
164T	39941	0	0	0	0
143	39942	799	214	82	365
145	39942	99	36	21	52
164T	39944	0	0	0	0
128	39945	76	71	41	63
129	39945	162	352	98	204
129	39945	0	1	4	2
129	39945	6	1	23	10
131	39945	30	25	8	21
131	39945	4	7	3	5
131	39945	8	7	4	6
132	39945	71	25	17	38
133	39945	53	77	85	72
133	39945	35	66	41	47
133	39945	40	24	40	35
153	39945	256	265	402	308
153	39945	31	35	29	32
153	39945	27	30	17	25
154	39945	50	13	1	21
164	39945	0	0	0	0
164	39945	0	0	0	0
147A	39945	10	2	12	8
147A	39945	196	121	37	118
164	39946	0	0	0	0
164	39946	0	0	0	0
147A	39946	372	254	413	346
147A	39946	305	254	187	249
126	39947	127	89	57	91
127	39947	27	5	0	11
127	39947	13	17	55	28
127	39947	36	17	12	22
152	39947	17	44	2	21
153	39947	45	185	32	87
153	39947	13	210	75	99
153	39947	39	60	29	43
154	39947	143	93	47	94
156	39947	4	3	1	3
156	39947	149	269	198	205
157	39947	63	42	7	37
159	39947	4	0	1	2
159	39947	39	3	22	21
164	39947	0	0	0	0
164	39947	0	0	0	0
164	39947	0	0	0	0
164	39947	0	0	0	0
147A	39947	24	8	3	12
147A	39947	46	41	37	41
147A	39947	24	8	3	12
147A	39947	46	41	37	41
128	39948	156	128	57	114
129	39948	165	118	76	120
129	39948	597	3685	977	1753
129	39948	145	167	203	172
131	39948	35	6	13	18
131	39948	29	49	46	41
131	39948	2	1	2	2
134	39948	278	212	119	203
135	39948	28	8	6	14
135	39948	30	18	10	19
135	39948	57	40	47	48
152	39948	91	209	122	141
156	39948	33	3	8	15
156	39948	13	22	20	18
143	39949	253	24	25	101
145	39949	34	17	6	19
128	39951	167	123	100	130
129	39951	4312	4549	4486	4449
129	39951	1848	1901	1768	1839
129	39951	595	696	530	607
131	39951	14	6	4	8
131	39951	32	94	54	60
131	39951	8	6	10	8
134	39951	31	18	10	20
135	39951	24	7	2	11
135	39951	3	2	1	2
135	39951	57	66	87	70
152	39951	35	25	10	23
156	39951	8	4	297	103
156	39951	1	4	2	2
143	39952	24	85	18	42
145	39952	15	2	5	7
152	39952	107	98	106	104
128	39953	29	24	18	24
129	39953	352	310	203	288
129	39953	119	47	34	67
129	39953	9	46	41	32
131	39953	145	170	96	137
131	39953	28	28	8	21
131	39953	3	37	14	18
132	39953	184	103	58	115
133	39953	121	68	37	75
133	39953	167	93	77	112
133	39953	41	31	72	48
153	39953	86	106	72	88
153	39953	149	61	36	82
153	39953	89	117	70	92
154	39953	74	27	9	37
126	39954	315	183	137	212
127	39954	102	66	67	78
127	39954	35	22	38	32
127	39954	9	11	13	11
132	39954	134	48	30	71
132	39954	134	48	30	71
133	39954	50	36	27	38
133	39954	93	66	68	76
133	39954	20	20	10	17
133	39954	50	36	27	38
133	39954	93	66	68	76
133	39954	20	20	10	17
153	39954	232	281	94	202
153	39954	58	30	32	40
153	39954	8	15	27	17
154	39954	359	273	189	274
157	39954	53	38	58	50
159	39954	144	279	394	272
159	39954	116	253	435	268
164	39954	2	0	0	1
164	39954	13	12	8	11
147A	39954	58	26	8	31
147A	39954	223	303	99	208
147A	39954	84	66	53	68
147A	39954	48	36	27	37
126	39955	160	88	219	156
127	39955	51	7	7	22
127	39955	7	4	4	5
127	39955	5	38	2	15
134	39955	374	290	150	271
135	39955	109	23	94	75
135	39955	26	40	9	25
135	39955	18	31	26	25
143	39955	25	5	0	10
145	39955	139	126	31	99
152	39955	114	144	159	139
153	39955	98	122	413	211
153	39955	58	29	28	38
153	39955	25	30	27	27
154	39955	122	110	109	114
156	39955	8	7	2	6
156	39955	3	5	10	6
157	39955	150	179	54	128
159	39955	1	112	0	38
159	39955	30	56	5	30
147A	39955	28	10	13	17
126	39959	158	188	83	143
127	39959	43	26	26	32
127	39959	5	2	2	3
127	39959	32	58	59	50
128	39959	11	1	1	4
128	39959	11	1	1	4
129	39959	9	14	2	8
129	39959	16	20	20	19
129	39959	1	2	0	1
129	39959	9	14	2	8
129	39959	16	20	20	19
129	39959	1	2	0	1
131	39959	112	63	10	62
131	39959	6	8	15	10
131	39959	54	7	1	21
134	39959	120	42	31	64
135	39959	18	14	6	13
135	39959	13	24	21	19
135	39959	8	9	3	7
156	39959	122	18	88	76
156	39959	50	70	8	43
164	39959	2	0	0	1
147A	39959	290	53	40	128
128	39961	169	112	87	123
129	39961	277	168	256	234
129	39961	84	18	49	50
129	39961	42	39	67	49
131	39961	28	26	38	31
131	39961	95	56	58	70
131	39961	76	101	117	98
132	39961	72	100	213	128
133	39961	46	38	120	68
133	39961	99	51	98	83
133	39961	217	252	80	183
143	39961	3232	3576	1577	2795
145	39961	58	45	28	44
153	39961	68	74	20	54
153	39961	40	16	9	22
153	39961	216	85	46	116
154	39961	289	84	102	158
157	39961	20	17	7	15
159	39961	4	0	0	1
159	39961	0	0	0	0
126	39962	139	91	64	98
127	39962	50	22	50	41
127	39962	37	10	3	17
127	39962	3	1	1	2
132	39962	148	120	108	125
133	39962	85	86	23	65
133	39962	118	79	32	76
133	39962	22	24	33	26
134	39962	117	48	24	63
135	39962	24	9	79	37
135	39962	102	28	51	60
135	39962	81	63	135	93
143	39962	21591	7148	2261	10333
145	39962	137	64	36	79
152	39962	191	54	109	118
156	39962	63	48	8	40
156	39962	63	8	0	24
157	39962	826	30	10	289
159	39962	94	5	176	92
159	39962	0	0	0	0
134	39963	178	92	59	110
135	39963	126	135	61	107
135	39963	13	17	33	21
135	39963	22	12	24	19
128	39965	82	32	43	52
129	39965	71	39	50	53
129	39965	21	59	266	115
129	39965	230	183	76	163
134	39965	90	45	24	53
135	39965	11	6	2	6
135	39965	21	15	12	16
135	39965	7	2	23	11
152	39965	22	328	172	174
156	39965	266	32	24	107
156	39965	1	1	34	12
164	39965	0	0	0	0
164	39965	0	0	2	1
147A	39965	22	12	8	14
147A	39965	15	9	5	10
164	39966	0	0	0	0
164	39966	0	4	14	6
147A	39966	73	84	65	74
147A	39966	147	108	65	107
128	39967	76	52	38	55
129	39967	63	57	152	91
129	39967	7	12	21	13
129	39967	158	87	180	142
131	39967	97	372	226	232
131	39967	11	6	5	7
131	39967	3	0	0	1
132	39967	148	80	65	98
133	39967	38	38	35	37
133	39967	16	37	44	32
133	39967	18	9	0	9
153	39967	38	36	59	44
153	39967	174	129	65	123
153	39967	142	92	32	89
154	39967	167	23	17	69
164	39967	4	0	0	1
164	39967	3	0	0	1
147A	39967	86	22	68	59
147A	39967	125	37	57	73
126	39968	224	146	91	154
127	39968	50	39	25	38
127	39968	24	9	4	12
127	39968	26	39	51	39
132	39968	83	22	54	53
133	39968	108	43	20	57
133	39968	51	24	51	42
133	39968	104	110	77	97
143	39968	28	7	6	14
145	39968	26	38	134	66
153	39968	259	55	22	112
153	39968	44	38	52	45
153	39968	31	28	25	28
154	39968	61	45	18	41
157	39968	20	14	1	12
159	39968	18	25	2	15
159	39968	35	1	0	12
164	39968	8	87	0	32
164	39968	0	0	0	0
147A	39968	108	3	15	42
147A	39968	29	13	9	17
126	39969	68	56	24	49
127	39969	13	21	14	16
127	39969	9	5	10	8
127	39969	3	2	1	2
134	39969	207	38	43	96
135	39969	3	9	8	7
135	39969	10	6	9	8
135	39969	19	18	18	18
152	39969	128	170	199	166
156	39969	6	2	2	3
156	39969	2	0	7	3
157	39969	15	6	3	8
159	39969	20	2	0	7
159	39969	0	0	0	0
164	39969	0	0	0	0
164	39969	0	0	0	0
147A	39969	11	1	2	5
147A	39969	19	16	10	15
143	39970	142	41	51	78
145	39970	440	200	49	230
126	39972	183	140	340	221
127	39972	35	28	9	24
127	39972	73	44	18	45
127	39972	30	12	17	20
134	39972	43	13	12	23
135	39972	6	4	3	4
135	39972	23	5	6	11
135	39972	31	12	22	22
145	39972	743	410	306	486
152	39972	45	113	141	100
156	39972	579	175	40	265
156	39972	32	27	1	20
157	39972	2	2	0	1
159	39972	872	496	246	538
159	39972	34	51	56	47
164	39972	0	3	0	1
164	39972	3	0	1	1
147A	39972	276	161	130	189
147A	39972	269	208	199	225
147A	39972	38	34	94	55
147A	39972	38	34	94	55
128	39973	213	144	129	162
129	39973	39	37	18	31
129	39973	9	7	18	11
129	39973	17	15	81	38
131	39973	32	34	28	31
131	39973	24	206	15	82
131	39973	11	9	2	7
134	39973	26	71	56	51
135	39973	84	31	54	56
135	39973	19	16	14	16
135	39973	19	9	9	12
152	39973	74	45	119	79
156	39973	10	21	16	16
156	39973	85	65	24	58
164	39973	0	0	0	0
147A	39973	65	15	9	30
143	39974	112	40	34	62
145	39974	253	95	34	127
128	39975	281	74	74	143
129	39975	89	262	154	168
129	39975	20	34	67	40
129	39975	30	9	5	15
131	39975	65	7	3	25
131	39975	194	98	68	120
131	39975	248	81	16	115
132	39975	90	67	46	68
133	39975	205	80	29	105
133	39975	77	57	57	64
133	39975	22	66	62	50
153	39975	70	78	24	57
153	39975	17	31	25	24
153	39975	7	88	9	35
154	39975	20	44	31	32
126	39976	134	214	267	205
127	39976	26	10	5	14
127	39976	73	8	15	32
127	39976	10	4	38	17
132	39976	414	416	890	573
133	39976	6	6	7	6
133	39976	13	34	64	37
133	39976	66	15	13	31
153	39976	121	50	178	116
153	39976	16	41	10	22
153	39976	21	20	30	24
154	39976	396	328	67	264
157	39976	222	119	30	124
159	39976	2	1	0	1
159	39976	0	0	0	0
164	39976	0	0	0	0
164	39976	0	0	0	0
147A	39976	266	94	67	142
147A	39976	68	84	35	62
147A	39976	53	40	6	33
147A	39976	269	148	67	161
143	39977	30	35	27	31
145	39977	119	33	14	55
126	39979	117	150	113	127
127	39979	56	20	9	28
127	39979	23	74	78	58
127	39979	99	36	28	54
132	39979	248	98	45	130
133	39979	11	46	4	20
133	39979	11	42	97	50
133	39979	7	9	7	8
153	39979	150	30	59	80
153	39979	13	20	9	14
153	39979	21	11	30	21
154	39979	309	83	36	143
157	39979	13	1	3	6
159	39979	0	0	0	0
159	39979	10	4	2	5
147A	39979	365	155	46	189
147A	39979	85	26	14	42
164T	39979	0	0	0	0
164T	39979	0	0	0	0
134	39980	453	153	76	227
135	39980	33	39	15	29
135	39980	29	67	50	49
135	39980	2	24	17	14
157	39980	90	103	71	88
164	39980	0	0	0	0
164	39980	0	0	0	0
147A	39980	26	28	17	24
147A	39980	43	35	53	44
126	39981	185	87	129	134
127	39981	737	365	59	387
127	39981	57	70	44	57
127	39981	14	12	20	15
128	39981	155	81	67	101
129	39981	43	56	125	75
129	39981	20	3	3	9
129	39981	63	55	28	49
131	39981	244	191	75	170
131	39981	44	44	25	38
131	39981	10	0	3	4
134	39981	177	227	133	179
135	39981	20	33	18	24
135	39981	57	38	40	45
135	39981	16	22	27	22
143	39981	13	3	1	6
145	39981	562	196	56	271
152	39981	36	13	4	18
156	39981	110	44	101	85
156	39981	6	2	9	6
164	39981	0	0	0	0
147A	39981	0	2	0	1
147A	39981	22	14	46	27
147A	39981	23	18	10	17
156	39982	77	87	94	86
156	39982	0	0	0	0
147A	39982	224	223	139	195
164T	39982	0	0	0	0
128	39983	926	487	217	543
129	39983	164	93	207	155
129	39983	138	117	63	106
129	39983	52	26	104	61
131	39983	61	58	39	53
131	39983	1199	60	102	454
131	39983	15	312	65	131
132	39983	578	401	281	420
133	39983	86	80	35	67
133	39983	151	947	1163	754
133	39983	75	235	115	142
153	39983	155	537	469	387
153	39983	100	66	196	121
153	39983	203	152	113	156
154	39983	614	133	102	283
143	39984	142	29	6	59
145	39984	423	216	329	323
159	39984	16	36	3	18
159	39984	36	12	6	18
126	39986	101	70	44	72
127	39986	62	70	31	54
127	39986	48	15	24	29
127	39986	58	39	45	47
128	39986	66	55	148	90
128	39986	66	55	148	90
129	39986	372	353	224	316
129	39986	116	103	120	113
129	39986	62	60	72	65
129	39986	372	353	224	316
129	39986	116	103	120	113
129	39986	62	60	72	65
132	39986	448	375	208	344
132	39986	293	159	112	188
133	39986	13	44	181	79
133	39986	384	186	141	237
133	39986	131	149	50	110
133	39986	25	17	41	28
133	39986	51	35	42	43
133	39986	51	23	26	33
143	39986	50	36	8	31
145	39986	15	3	0	6
153	39986	39	29	19	29
153	39986	15	6	4	8
153	39986	37	12	4	18
153	39986	39	29	19	29
153	39986	15	6	4	8
153	39986	37	12	4	18
154	39986	210	76	45	110
154	39986	210	76	45	110
147A	39986	132	70	88	97
147A	39986	14	13	7	11
147A	39986	7	17	17	14
147A	39986	29	10	30	23
164T	39986	0	0	0	0
164T	39986	0	0	0	0
131	39987	234	136	199	190
131	39987	13	6	2	7
131	39987	2	2	5	3
132	39987	5	1	1	2
133	39987	15	10	4	10
133	39987	21	26	30	26
133	39987	14	14	22	17
153	39987	83	20	18	40
153	39987	124	154	21	100
153	39987	34	76	31	47
154	39987	76	21	5	34
157	39987	44	45	23	37
159	39987	33	13	22	23
159	39987	27	28	18	24
164T	39987	0	0	0	0
164T	39987	2	0	0	1
126	39988	92	56	58	69
127	39988	131	149	55	112
127	39988	149	80	63	97
127	39988	22	26	12	20
134	39988	32	22	13	22
135	39988	24	19	12	18
135	39988	23	15	13	17
135	39988	10	7	2	6
152	39988	208	68	52	109
156	39988	92	27	73	64
156	39988	42	14	81	46
164	39988	0	0	0	0
164	39988	0	0	0	0
147A	39988	80	68	86	78
147A	39988	114	64	40	73
128	39989	147	96	43	95
129	39989	80	83	29	64
129	39989	52	14	5	24
129	39989	152	90	43	95
131	39989	26	13	13	17
131	39989	14	3	5	7
131	39989	29	22	48	33
134	39989	52	33	14	33
135	39989	50	41	27	39
135	39989	26	8	29	21
135	39989	39	52	7	33
143	39989	52	17	7	25
145	39989	66	73	11	50
152	39989	153	9	118	93
156	39989	30	50	104	61
156	39989	59	21	8	29
157	39989	165	187	172	175
147A	39989	16	5	4	8
147A	39989	53	180	76	103
165T	39989	0	0	0	0
165T	39989	0	0	0	0
126	39990	213	137	122	157
126	39990	1827	1657	915	1466
126	39990	186	171	130	162
127	39990	139	46	49	78
127	39990	60	14	11	28
127	39990	611	409	300	440
127	39990	80	124	58	87
127	39990	25	29	15	23
127	39990	50	49	50	50
127	39990	99	65	49	71
127	39990	62	29	45	45
127	39990	26	8	30	21
147A	39990	55	49	7	37
147A	39990	35	26	8	23
165T	39990	0	0	0	0
165T	39990	1	0	0	0
131	39993	16	356	57	143
131	39993	46	73	34	51
131	39993	75	70	40	62
147A	39993	24	11	3	13
147A	39993	12	91	26	43
147A	39993	15	7	5	9
147A	39993	252	118	66	145
164T	39993	0	0	0	0
164T	39993	0	0	0	0
126	39994	174	208	115	166
126	39994	750	362	243	452
126	39994	163	142	107	137
127	39994	38	727	119	295
127	39994	24	23	11	19
127	39994	19	16	356	130
127	39994	58	18	17	31
127	39994	46	50	72	56
127	39994	101	92	98	97
127	39994	12	11	41	21
127	39994	15	9	7	10
127	39994	77	54	52	61
131	39994	18	2	5	8
131	39994	26	22	27	25
131	39994	30	12	4	15
131	39994	148	59	22	76
131	39994	13	56	38	36
131	39994	4	1	0	2
132	39994	571	484	290	448
132	39994	30	26	27	28
133	39994	11	10	6	9
133	39994	20	13	8	14
133	39994	4	10	1	5
126	39995	182	119	84	128
127	39995	68	5	5	26
127	39995	145	51	14	70
127	39995	0	4	0	1
128	39995	68	76	22	55
129	39995	111	199	112	141
129	39995	45	64	40	50
129	39995	17	43	37	32
132	39995	131	495	394	340
133	39995	36	58	40	45
133	39995	166	103	85	118
133	39995	59	45	48	51
134	39995	67	36	13	39
135	39995	27	10	34	24
135	39995	7	5	5	6
135	39995	4	10	4	6
143	39995	50	20	22	31
145	39995	356	120	40	172
152	39995	201	138	315	218
153	39995	36	58	40	45
153	39995	895	834	908	879
153	39995	59	45	48	51
154	39995	179	89	59	109
156	39995	0	14	2	5
156	39995	6	1	6	4
157	39995	103	18	7	43
159	39995	0	2	0	1
159	39995	8	22	21	17
128	39996	135	82	33	83
129	39996	45	24	15	28
129	39996	307	127	53	162
129	39996	55	22	20	32
143	39996	135	5	2	47
145	39996	33	25	4	21
152	39996	200	44	35	93
156	39996	6	8	0	5
156	39996	0	0	0	0
157	39996	96	51	21	56
159	39996	1	0	0	0
159	39996	5	1	1	2
147A	40000	79	108	116	101
147A	40000	67	26	26	40
164T	40000	0	0	0	0
164T	40000	0	0	0	0
128	40001	330	397	256	328
129	40001	4	8	16	9
129	40001	2	5	5	4
129	40001	13	8	1	7
131	40001	215	44	32	97
131	40001	127	670	378	392
131	40001	32	30	45	36
132	40001	13	39	14	22
133	40001	95	146	218	153
133	40001	87	34	37	53
133	40001	200	199	341	247
153	40001	156	129	223	169
153	40001	215	151	96	154
153	40001	132	112	78	107
154	40001	54	28	31	38
147A	40001	164	95	32	97
147A	40001	487	193	97	259
164T	40001	0	0	0	0
164T	40001	0	1	6	2
126	40002	212	347	240	266
127	40002	3	1	0	1
127	40002	5	6	2	4
127	40002	21	49	9	26
132	40002	130	311	185	209
133	40002	45	7	107	53
133	40002	19	13	39	24
133	40002	54	10	64	43
143	40002	1	0	0	0
145	40002	73	30	13	39
153	40002	968	787	705	820
153	40002	1406	1294	1119	1273
153	40002	1189	2893	2822	2301
154	40002	1262	868	856	995
157	40002	70	19	5	31
159	40002	9	2	5	5
159	40002	11	0	6	6
126	40003	63	33	60	52
127	40003	81	13	17	37
127	40003	24	7	20	17
127	40003	12	8	2	7
131	40003	182	75	51	103
131	40003	173	12	23	69
131	40003	164	97	28	96
145	40003	78	27	18	41
152	40003	434	704	1156	765
156	40003	41	24	38	34
156	40003	132	56	38	75
157	40003	7	6	4	6
159	40003	5	1	0	2
159	40003	1	1	0	1
164	40003	0	0	0	0
164	40003	0	0	0	0
147A	40003	46	23	15	28
147A	40003	17	10	5	11
128	40004	69	31	57	52
129	40004	178	56	30	88
129	40004	32	5	1751	596
129	40004	127	58	26	70
132	40004	76	30	171	92
133	40004	31	7	3	14
133	40004	46	35	23	35
133	40004	27	35	13	25
134	40004	22	38	141	67
135	40004	32	47	194	91
135	40004	30	20	12	21
135	40004	13	17	28	19
143	40004	6	0	1	2
145	40004	152	100	15	89
152	40004	146	33	43	74
156	40004	150	31	343	175
156	40004	14	4	1	6
128	40007	81	69	28	59
129	40007	14	4	64	27
129	40007	10	1	2	4
129	40007	0	0	3	1
131	40007	17	22	16	18
131	40007	15	47	4	22
131	40007	13	11	2	9
131	40007	250	80	80	137
131	40007	119	97	206	141
131	40007	93	89	119	100
134	40007	47	21	19	29
135	40007	21	20	33	25
135	40007	7	15	8	10
135	40007	12	4	4	7
152	40007	37	23	5	22
156	40007	79	34	1	38
156	40007	66	0	0	22
128	40009	286	96	113	165
129	40009	174	464	69	236
129	40009	25	19	5	16
129	40009	18	62	33	38
131	40009	352	117	35	168
131	40009	76	14	6	32
131	40009	5	1	43	16
132	40009	36	34	15	28
133	40009	20	8	7	12
133	40009	42	19	17	26
133	40009	60	7	16	28
153	40009	43	350	216	203
153	40009	42	64	58	55
153	40009	56	35	17	36
154	40009	144	65	19	76
143	40010	227	53	12	97
157	40010	40	15	12	22
159	40010	31	5	2	13
159	40010	16	3	15	11
164	40010	0	0	0	0
164T	40010	1	0	1	1
126	40011	2052	1252	738	1347
127	40011	1240	1484	604	1109
127	40011	71	92	53	72
127	40011	17	16	12	15
134	40011	237	135	91	154
135	40011	65	54	25	48
135	40011	99	101	68	89
135	40011	58	73	30	54
152	40011	138	61	120	106
156	40011	39	41	21	34
156	40011	1	10	64	25
157	40011	241	193	170	201
159	40011	4	6	41	17
159	40011	7	1	0	3
147A	40011	141	299	219	220
164T	40011	0	0	0	0
143	40012	404	580	106	363
126	40014	40	33	92	55
127	40014	101	105	100	102
127	40014	14	2	1	6
127	40014	4	3	1	3
134	40014	120	66	27	71
135	40014	58	75	85	73
135	40014	29	22	13	21
135	40014	32	35	27	31
152	40014	24	25	17	22
156	40014	5	19	36	20
156	40014	0	0	0	0
157	40014	8	12	1	7
159	40014	3	0	0	1
159	40014	2	0	0	1
165	40014	0	0	0	0
128	40016	137	108	78	108
129	40016	75	19	39	44
129	40016	168	119	153	147
129	40016	183	115	66	121
164	40016	0	0	0	0
131	40017	81	29	8	39
131	40017	54	13	138	68
131	40017	27	34	52	38
132	40017	112	92	49	84
133	40017	7	4	4	5
133	40017	32	66	32	43
133	40017	372	139	59	190
153	40017	373	991	622	662
153	40017	60	41	31	44
153	40017	83	29	17	43
154	40017	399	123	70	197
132	40018	62	139	122	108
133	40018	13	44	23	27
133	40018	18	10	4	11
133	40018	9	9	19	12
143	40018	485	136	49	223
153	40018	45	32	963	347
153	40018	38	129	53	73
153	40018	39	8	9	19
154	40018	396	93	144	211
157	40018	732	238	292	421
159	40018	26	63	93	61
159	40018	24	121	84	76
164	40018	90	32	43	55
147A	40018	93	34	19	49
145	40019	63	10	2	25
128	40021	26	28	4	19
129	40021	24	22	20	22
129	40021	25	23	7	18
129	40021	0	0	1	0
131	40021	60	33	10	34
131	40021	37	36	30	34
131	40021	41	19	36	32
131	40021	39	48	21	36
131	40021	119	1637	149	635
131	40021	29	7	50	29
134	40021	69	27	20	39
135	40021	8	3	8	6
135	40021	9	17	86	37
135	40021	13	3	7	8
152	40021	111	46	19	59
156	40021	1	0	1	1
156	40021	2	0	3	2
165	40021	0	0	0	0
165	40021	0	0	0	0
147A	40021	48	195	149	131
147A	40021	84	81	217	127
126	40022	12	26	1	13
127	40022	44	23	35	34
127	40022	5	2	1	3
127	40022	0	11	63	25
134	40022	35	94	23	51
135	40022	22	47	24	31
135	40022	35	23	19	26
135	40022	54	53	35	47
143	40022	2356	197	42	865
145	40022	87	11	47	48
152	40022	48	32	44	41
156	40022	9	32	132	58
156	40022	22	254	217	164
157	40022	63	145	240	149
159	40022	1	2	2	2
159	40022	70	22	42	45
131	40023	67	17	24	36
131	40023	55	34	43	44
131	40023	21	9	5	12
131	40023	83	964	506	518
131	40023	59	34	22	38
131	40023	11	2	9	7
132	40023	116	65	58	80
133	40023	27	34	54	38
133	40023	87	80	88	85
133	40023	80	31	13	41
153	40023	482	216	101	266
153	40023	188	84	98	123
153	40023	204	153	97	151
154	40023	159	43	30	77
128	40024	110	63	40	71
129	40024	106	29	75	70
129	40024	768	253	45	355
129	40024	15	5	4	8
143	40024	519	155	75	250
145	40024	750	390	393	511
164	40024	0	0	0	0
131	40025	42	40	51	44
131	40025	24	46	44	38
131	40025	1	2	1	1
132	40025	269	434	261	321
133	40025	9	14	28	17
133	40025	29	22	69	40
133	40025	20	13	5	13
153	40025	405	101	2555	1020
153	40025	38	40	28	35
153	40025	76	30	41	49
154	40025	340	212	96	216
126	40028	86	87	517	230
127	40028	46	70	52	56
127	40028	818	449	307	525
127	40028	7	6	2	5
132	40028	28	17	50	32
133	40028	25	45	147	72
133	40028	24	34	24	27
133	40028	28	4	10	14
143	40028	15	4	15	11
145	40028	353	118	25	165
153	40028	34	9	4	16
153	40028	69	26	38	44
153	40028	23	9	3	12
154	40028	222	210	109	180
157	40028	28	19	11	19
159	40028	2	4	0	2
159	40028	0	0	0	0
128	40029	295	137	71	168
129	40029	76	98	1085	420
129	40029	2873	696	213	1261
129	40029	34	39	37	37
131	40029	42	14	40	32
131	40029	19	14	9	14
131	40029	13	19	44	25
134	40029	1594	424	235	751
135	40029	33	18	34	28
135	40029	46	10	11	22
135	40029	21	20	38	26
152	40029	375	163	123	220
156	40029	18	11	12	14
156	40029	37	44	24	35
164	40029	0	0	0	0
164	40029	0	0	0	0
147A	40029	14	9	3	9
147A	40029	26	5	28	20
134	40030	38	32	16	29
135	40030	168	230	104	167
135	40030	41	50	46	46
135	40030	158	201	166	175
143	40030	52	10	17	26
145	40030	479	101	45	208
152	40030	103	78	53	78
156	40030	23	15	2	13
156	40030	41	14	5	20
157	40030	44	13	16	24
159	40030	20	6	0	9
159	40030	18	5	2	8
128	40031	159	105	73	112
129	40031	36	23	8	22
129	40031	23	28	51	34
129	40031	9	10	17	12
164	40031	0	0	0	0
164	40031	0	0	0	0
147A	40031	5	4	5	5
147A	40031	5	5	4	5
126	40032	49	48	29	42
127	40032	189	106	43	113
127	40032	29	21	13	21
127	40032	87	45	91	74
131	40032	14	30	31	25
131	40032	5	42	35	27
131	40032	10	19	27	19
132	40032	35	12	7	18
133	40032	20	6	18	15
133	40032	58	29	21	36
133	40032	12	13	141	55
153	40032	172	170	136	159
153	40032	19	5	2	9
153	40032	7	1	0	3
154	40032	234	172	70	159
164	40032	0	0	0	0
164	40032	0	1	13	5
147A	40032	17	5	3	8
147A	40032	9	0	0	3
143	40035	11	1	0	4
145	40035	169	102	37	103
164	40035	0	2	8	3
164	40035	0	0	0	0
147A	40035	6	32	81	40
147A	40035	81	79	31	64
143	40037	44	10	5	20
145	40037	9	8	4	7
164	40037	0	0	0	0
164	40037	0	0	0	0
147A	40037	30	10	3	14
147A	40037	12	8	6	9
126	40038	264	195	129	196
127	40038	62	27	27	39
127	40038	27	24	13	21
127	40038	12	12	13	12
134	40038	651	286	289	409
135	40038	372	323	225	307
135	40038	52	33	57	47
135	40038	25	25	11	20
152	40038	115	21	9	48
156	40038	45	77	63	62
156	40038	45	45	37	42
157	40038	21	7	1	10
159	40038	347	81	33	154
159	40038	174	17	6	66
164	40038	0	0	0	0
164	40038	0	0	0	0
147A	40038	26	24	34	28
147A	40038	66	27	10	34
134	40039	308	87	202	199
135	40039	158	85	135	126
135	40039	130	40	11	60
135	40039	136	206	224	189
152	40039	48	31	12	30
156	40039	49	23	3	25
156	40039	127	289	45	154
128	40042	17	10	5	11
129	40042	38	18	21	26
129	40042	7	9	5	7
129	40042	4	4	2	3
164	40042	0	0	0	0
164	40042	0	0	0	0
147A	40042	65	46	22	44
147A	40042	38	24	2	21
131	40043	35	22	213	90
131	40043	20	11	35	22
131	40043	42	21	10	24
132	40043	19	19	40	26
133	40043	29	30	9	23
133	40043	222	124	58	135
133	40043	21	18	23	21
153	40043	347	98	205	217
153	40043	276	64	81	140
153	40043	73	74	264	137
154	40043	64	12	9	28
164	40043	0	0	0	0
164	40043	0	0	0	0
147A	40043	58	59	7	41
147A	40043	47	13	11	24
126	40044	188	107	58	118
127	40044	22	8	3	11
127	40044	39	18	28	28
127	40044	32	110	27	56
132	40044	32	23	20	25
133	40044	7	1	5	4
133	40044	9	34	35	26
133	40044	19	22	17	19
143	40044	308	64	14	129
145	40044	40	10	12	21
153	40044	304	312	270	295
153	40044	40	49	61	50
153	40044	65	58	200	108
154	40044	182	60	158	133
157	40044	82	158	198	146
128	40045	127	79	68	91
129	40045	117	47	61	75
129	40045	81	32	25	46
129	40045	31	66	93	63
131	40045	115	8	3	42
131	40045	28	9	5	14
131	40045	14	13	4	10
134	40045	343	221	83	216
135	40045	125	48	29	67
135	40045	31	19	9	20
135	40045	420	608	166	398
152	40045	75	60	33	56
156	40045	69	39	1	36
156	40045	37	29	24	30
164	40045	0	4	0	1
164	40045	0	0	0	0
147A	40045	16	1	0	6
147A	40045	82	40	26	49
126	40046	372	298	234	301
127	40046	118	29	30	59
127	40046	24	6	6	12
127	40046	6	2	0	3
134	40046	444	238	91	258
135	40046	38	17	10	22
135	40046	22	13	9	15
135	40046	129	174	41	115
143	40046	3	7	12	7
145	40046	310	92	27	143
152	40046	45	33	13	30
156	40046	12	16	11	13
156	40046	148	8	0	52
157	40046	481	149	42	224
159	40046	2	0	4	2
159	40046	59	9	1	23
126	40049	34	40	25	33
127	40049	66	180	109	118
127	40049	12	5	3	7
127	40049	17	3	4	8
134	40049	64	33	19	39
135	40049	62	37	10	36
135	40049	10	3	0	4
135	40049	16	79	35	43
152	40049	138	38	28	68
156	40049	3	2	1	2
156	40049	1	0	0	0
157	40049	13	5	3	7
159	40049	25	4	3	11
159	40049	22	1	1	8
128	40050	836	870	950	885
129	40050	1085	677	632	798
129	40050	330	386	391	369
129	40050	878	804	628	770
164	40050	0	0	0	0
164	40050	0	0	0	0
147A	40050	29	72	40	47
147A	40050	87	43	12	47
131	40051	40	17	13	23
131	40051	25	49	51	42
131	40051	16	8	8	11
132	40051	245	53	71	123
133	40051	2018	41	114	724
133	40051	122	774	137	344
133	40051	51	16	7	25
153	40051	841	292	293	475
153	40051	87	91	75	84
153	40051	36	146	344	175
154	40051	69	32	14	38
126	40052	313	219	144	225
127	40052	51	149	380	193
127	40052	94	25	66	62
127	40052	68	49	47	55
132	40052	30	18	4	17
133	40052	7	12	10	10
133	40052	4	14	7	8
133	40052	1	8	7	5
143	40052	43	30	23	32
145	40052	56	28	12	32
153	40052	42	174	89	102
153	40052	37	39	187	88
153	40052	21	22	117	53
154	40052	243	82	46	124
157	40052	84	29	19	44
159	40052	25	75	11	37
159	40052	45	11	2	19
131	40053	21	11	2	11
131	40053	28	18	17	21
131	40053	7	5	7	6
134	40053	825	261	102	396
135	40053	57	28	121	69
135	40053	23	8	15	15
135	40053	32	9	8	16
143	40053	23	8	1	11
145	40053	162	53	24	80
152	40053	216	57	6	93
156	40053	7	5	27	13
156	40053	36	8	46	30
164	40053	0	0	0	0
147A	40053	71	118	70	86
126	40056	62	34	28	41
127	40056	29	114	64	69
127	40056	16	10	3	10
127	40056	6	3	2	4
134	40056	2	1	2	2
135	40056	27	17	27	24
135	40056	4	8	6	6
135	40056	15	43	22	27
143	40056	227	93	1612	644
145	40056	50	18	7	25
152	40056	49	9	5	21
156	40056	0	0	0	0
156	40056	2	2	4	3
157	40056	21	3	0	8
159	40056	63	6	4	24
159	40056	50	5	4	20
164	40056	0	0	0	0
164	40056	0	0	0	0
147A	40056	95	40	15	50
147A	40056	28	11	7	15
131	40057	93	65	54	71
131	40057	5	5	2	4
131	40057	18	3	63	28
134	40057	14	32	21	22
135	40057	13	11	11	12
135	40057	6	133	79	73
135	40057	89	48	9	49
152	40057	185	196	83	155
156	40057	12	10	117	46
156	40057	17	3	4	8
128	40058	303	463	276	347
129	40058	536	796	974	769
129	40058	1987	1959	2008	1985
129	40058	287	345	359	330
132	40058	129	47	38	71
133	40058	19	11	12	14
133	40058	37	30	15	27
133	40058	18	15	68	34
157	40058	64	1	0	22
159	40058	27	7	7	14
159	40058	8	0	1	3
164	40058	0	0	0	0
164	40058	0	0	0	0
147A	40058	5	4	1	3
147A	40058	27	9	2	13
131	40059	20	13	13	15
131	40059	15	7	5	9
131	40059	91	49	21	54
132	40059	64	18	8	30
133	40059	22	18	34	25
133	40059	69	72	42	61
133	40059	13	3	14	10
153	40059	109	34	32	58
153	40059	32	18	7	19
153	40059	36	77	78	64
154	40059	70	38	18	42
128	40060	469	482	782	578
129	40060	708	471	390	523
129	40060	1575	1581	1606	1587
129	40060	308	554	188	350
143	40060	899	261	70	410
145	40060	62	29	20	37
153	40060	25	47	54	42
153	40060	49	43	17	36
154	40060	316	52	26	131
164	40060	0	0	0	0
164	40060	0	0	2	1
147A	40060	44	22	14	27
147A	40060	69	52	106	76
147A	40060	274	245	140	220
147A	40060	163	361	204	243
126	40064	29	7	8	15
127	40064	4	4	12	7
127	40064	12	2	3	6
127	40064	4	2	4	3
134	40064	191	82	64	112
135	40064	96	73	36	68
135	40064	31	118	223	124
135	40064	317	282	360	320
152	40064	8	9	12	10
156	40064	68	25	4	32
156	40064	67	4	4	25
164	40064	0	0	0	0
128	40065	1005	649	366	673
129	40065	205	177	198	193
129	40065	1833	1538	762	1378
129	40065	196	145	369	237
131	40065	166	39	17	74
131	40065	23	10	7	13
131	40065	9	9	3	7
134	40065	54	31	24	36
135	40065	178	282	310	257
135	40065	62	44	56	54
135	40065	59	28	24	37
143	40065	4163	1096	543	1934
145	40065	418	171	115	235
152	40065	178	82	143	134
156	40065	127	3	20	50
156	40065	63	61	57	60
157	40065	234	32	24	97
159	40065	169	20	6	65
159	40065	192	36	4	77
147A	40065	23	10	5	13
147A	40065	346	84	68	166
131	40066	41	30	242	104
131	40066	7	22	25	18
131	40066	20	91	59	57
132	40066	201	111	34	115
133	40066	8	13	18	13
133	40066	36	34	36	35
133	40066	44	21	14	26
157	40066	51	17	0	23
159	40066	35	7	3	15
159	40066	34	19	4	19
164	40066	0	0	0	0
164	40066	0	0	0	0
147A	40066	14	17	5	12
147A	40066	15	9	33	19
128	40067	51	29	24	35
129	40067	172	114	63	116
129	40067	256	157	49	154
129	40067	99	301	116	172
132	40067	73	130	35	79
133	40067	18	13	14	15
133	40067	25	41	42	36
133	40067	14	14	9	12
143	40067	0	2	1	1
145	40067	89	27	39	52
154	40067	209	113	329	217
128	40070	48	44	39	44
129	40070	212	242	335	263
129	40070	336	337	396	356
129	40070	116	185	121	141
143	40070	2	0	29	10
145	40070	94	122	44	87
153	40070	26	7	0	11
153	40070	15	2	2	6
153	40070	10	3	1	5
154	40070	109	61	57	76
164	40070	0	0	0	0
164	40070	0	1	0	0
165	40070	0	0	0	0
147A	40070	78	26	19	41
147A	40070	37	12	4	18
126	40071	8	7	14	10
127	40071	10	18	69	32
127	40071	5	21	1	9
127	40071	19	19	13	17
134	40071	29	109	54	64
135	40071	119	59	64	81
135	40071	43	28	35	35
135	40071	37	44	59	47
143	40071	787	193	70	350
145	40071	517	551	726	598
152	40071	26	42	3	24
156	40071	46	188	67	100
156	40071	15	5	41	20
126	40072	144	77	60	94
127	40072	45	33	39	39
127	40072	42	24	42	36
127	40072	36	27	17	27
131	40072	54	64	123	80
131	40072	25	22	10	19
131	40072	7	7	4	6
134	40072	10	4	16	10
135	40072	40	48	117	68
135	40072	139	44	26	70
135	40072	98	42	28	56
152	40072	92	36	59	62
156	40072	53	37	39	43
156	40072	0	0	0	0
157	40072	28	62	3	31
159	40072	139	37	13	63
159	40072	33	11	37	27
164	40072	0	0	0	0
164	40072	11	5	4	7
147A	40072	136	82	35	84
147A	40072	3032	1432	603	1689
147A	40072	13	5	10	9
147A	40072	25	34	19	26
128	40073	592	326	215	378
129	40073	719	903	967	863
129	40073	1657	1504	1456	1539
129	40073	1654	1661	2084	1800
132	40073	99	58	107	88
133	40073	30	18	38	29
133	40073	69	29	43	47
133	40073	101	47	32	60
157	40073	204	37	24	88
159	40073	57	12	8	26
159	40073	24	1	0	8
164	40073	94	60	38	64
164	40073	0	0	0	0
147A	40073	518	313	101	311
147A	40073	85	71	56	71
126	40074	15	6	5	9
127	40074	63	19	31	38
127	40074	27	17	60	35
127	40074	13	9	14	12
131	40074	73	44	30	49
131	40074	39	42	24	35
131	40074	20	31	66	39
132	40074	64	56	41	54
133	40074	41	59	35	45
133	40074	78	28	14	40
133	40074	87	98	108	98
153	40074	160	61	33	85
153	40074	12	9	5	9
153	40074	271	223	209	234
154	40074	30	27	10	22
132	40077	47	29	55	44
133	40077	15	8	2	8
133	40077	17	13	42	24
133	40077	21	16	16	18
152	40077	160	55	9	75
153	40077	36	8	5	16
153	40077	13	11	7	10
153	40077	14	2	6	7
153	40077	71	146	104	107
153	40077	89	65	54	69
153	40077	27	31	45	34
154	40077	107	88	52	82
156	40077	6	0	3	3
156	40077	10	23	0	11
164	40077	0	0	0	0
164	40077	0	0	0	0
147A	40077	71	29	20	40
147A	40077	28	6	1	12
128	40078	95	78	117	97
129	40078	57	28	41	42
129	40078	258	132	91	160
129	40078	267	257	113	212
143	40078	225	59	9	98
145	40078	604	229	121	318
153	40078	47	55	16	39
153	40078	9	13	13	12
153	40078	66	23	60	50
154	40078	48	6	1	18
126	40079	145	105	89	113
127	40079	30	6	7	14
127	40079	25	14	13	17
127	40079	51	24	7	27
131	40079	78	39	35	51
131	40079	11	6	3	7
131	40079	1	2	2	2
134	40079	231	337	255	274
135	40079	1585	1810	1190	1528
135	40079	231	271	363	288
135	40079	738	599	458	598
143	40079	0	0	0	0
145	40079	160	57	12	76
153	40079	29	14	31	25
153	40079	48	42	24	38
153	40079	38	112	141	97
154	40079	42	40	11	31
131	40080	16	5	20	14
131	40080	34	137	11	61
131	40080	54	13	11	26
134	40080	282	150	111	181
135	40080	14	55	18	29
135	40080	14	19	4	12
135	40080	155	76	45	92
152	40080	63	28	16	36
156	40080	61	98	71	77
156	40080	28	32	22	27
157	40080	235	18	22	92
159	40080	104	120	50	91
159	40080	13	3	3	6
147A	40080	213	159	104	159
147A	40080	88	65	54	69
164	40081	1	0	0	0
164	40081	0	0	0	0
147A	40081	4	4	0	3
147A	40081	13	7	2	7
128	40084	68	39	30	46
129	40084	208	118	93	140
129	40084	137	80	106	108
129	40084	185	105	53	114
132	40084	126	39	48	71
133	40084	31	15	1	16
133	40084	44	111	95	83
133	40084	69	26	5	33
157	40084	40	0	5	15
159	40084	57	25	4	29
159	40084	0	0	1	0
164	40084	0	0	0	0
164	40084	0	0	0	0
147A	40084	24	3	9	12
147A	40084	19	8	2	10
164	40085	62	11	6	26
164	40085	1	0	0	0
147A	40085	381	175	104	220
147A	40085	94	97	48	80
126	40086	1993	1451	885	1443
127	40086	1988	1632	2247	1956
127	40086	1827	972	578	1126
127	40086	1375	1409	388	1057
128	40086	456	313	213	327
129	40086	334	164	195	231
129	40086	576	270	355	400
129	40086	247	107	248	201
153	40086	61	42	17	40
153	40086	56	30	116	67
153	40086	63	25	6	31
154	40086	211	50	17	93
164	40086	0	0	0	0
164	40086	0	0	0	0
147A	40086	137	58	21	72
147A	40086	48	49	37	45
126	40087	2289	1645	1475	1803
127	40087	544	398	319	420
127	40087	870	441	271	527
127	40087	205	416	523	381
131	40087	17	177	59	84
131	40087	17	16	9	14
131	40087	3	1	0	1
134	40087	90	45	84	73
135	40087	728	702	480	637
135	40087	312	273	387	324
135	40087	136	138	271	182
143	40087	15	3	0	6
145	40087	25	41	19	28
153	40087	378	143	55	192
153	40087	88	54	326	156
153	40087	1419	305	465	730
154	40087	120	108	92	107
164	40087	0	0	0	0
164	40087	0	0	0	0
147A	40087	48	12	9	23
147A	40087	40	14	7	20
126	40088	228	152	99	160
127	40088	312	68	242	207
127	40088	223	123	270	205
127	40088	976	214	118	436
131	40088	31	27	13	24
131	40088	776	7	26	270
131	40088	11	1	4	5
132	40088	141	125	81	116
133	40088	55	79	35	56
133	40088	23	14	7	15
133	40088	50	21	12	28
134	40088	73	71	28	57
135	40088	32	30	83	48
135	40088	19	27	56	34
135	40088	18	43	116	59
143	40088	35	10	20	22
145	40088	204	117	49	123
157	40088	84	6	6	32
159	40088	108	256	114	159
152	40089	202	174	133	170
156	40089	78	224	31	111
156	40089	135	40	15	63
126	40091	523	410	280	404
127	40091	690	137	185	337
127	40091	111	32	16	53
127	40091	17	11	7	12
134	40091	17	3	14	11
135	40091	509	593	532	545
135	40091	262	263	179	235
135	40091	145	155	148	149
152	40091	155	49	27	77
156	40091	69	15	1	28
156	40091	5	0	0	2
157	40091	54	0	1	18
159	40091	597	144	4	248
159	40091	33	10	0	14
128	40092	17	15	35	22
129	40092	243	264	240	249
129	40092	123	50	55	76
129	40092	90	118	155	121
132	40092	93	138	126	119
133	40092	262	222	193	226
133	40092	78	28	16	41
133	40092	124	82	108	105
157	40092	842	526	231	533
159	40092	296	358	57	237
159	40092	221	30	6	86
132	40093	179	122	62	121
133	40093	119	144	48	104
133	40093	36	29	82	49
133	40093	20	29	64	38
152	40093	171	72	35	93
156	40093	88	383	49	173
156	40093	186	182	179	182
164	40093	0	0	6	2
164	40093	0	0	0	0
147A	40093	140	50	17	69
147A	40093	141	77	38	85
128	40094	301	253	146	233
129	40094	700	402	304	469
129	40094	454	1971	1935	1453
129	40094	2569	2186	1753	2169
131	40094	50	12	11	24
131	40094	54	1226	105	462
131	40094	30	39	340	136
143	40094	101	23	11	45
145	40094	48	22	25	32
153	40094	65	142	113	107
153	40094	97	68	8	58
153	40094	24	29	21	25
154	40094	569	73	90	244
131	40095	16	13	3	11
131	40095	9	72	48	43
131	40095	4	3	25	11
134	40095	191	130	75	132
135	40095	44	132	18	65
135	40095	7	14	5	9
135	40095	3	13	3	6
143	40095	161	45	8	71
145	40095	31	46	6	28
153	40095	50	178	74	101
153	40095	14	6	13	11
153	40095	13	67	72	51
154	40095	220	193	172	195
164	40095	0	1	0	0
164	40095	5	0	0	2
147A	40095	15	5	4	8
147A	40095	394	225	132	250
126	40098	216	122	85	141
127	40098	46	11	3	20
127	40098	10	5	0	5
127	40098	1	1	0	1
131	40098	20	11	22	18
131	40098	43	19	22	28
131	40098	9	38	106	51
134	40098	59	38	30	42
135	40098	29	29	74	44
135	40098	17	19	13	16
135	40098	11	15	26	17
153	40098	108	37	26	57
153	40098	11	3	15	10
153	40098	14	99	104	72
154	40098	153	97	76	109
126	40099	156	66	412	211
127	40099	88	96	78	87
127	40099	125	25	27	59
127	40099	18	12	23	18
134	40099	305	315	211	277
135	40099	228	184	221	211
135	40099	232	490	341	354
135	40099	279	257	233	256
152	40099	82	104	53	80
156	40099	28	2	0	10
156	40099	10	57	54	40
157	40099	267	150	84	167
159	40099	59	27	73	53
159	40099	75	70	205	117
128	40100	1954	1610	1582	1715
129	40100	4585	4220	4138	4314
129	40100	4316	4204	4884	4468
129	40100	5060	4605	4715	4793
132	40100	45	85	37	56
133	40100	126	63	83	91
133	40100	164	101	144	136
133	40100	133	58	35	75
143	40100	10	4	2	5
145	40100	663	248	86	332
157	40100	166	115	95	125
159	40100	43	113	19	58
159	40100	178	19	8	68
132	40101	14	15	13	14
133	40101	33	31	19	28
133	40101	38	38	34	37
133	40101	25	12	20	19
152	40101	260	33	17	103
156	40101	19	350	12	127
156	40101	13	1	2	5
164	40101	8	0	1	3
164	40101	0	0	0	0
147A	40101	145	140	132	139
147A	40101	179	171	153	168
128	40102	105	41	21	56
129	40102	113	158	127	133
129	40102	107	222	71	133
129	40102	137	65	151	118
131	40102	134	64	37	78
131	40102	56	16	15	29
131	40102	23	7	18	16
143	40102	424	537	226	396
145	40102	190	71	37	99
153	40102	207	118	174	166
153	40102	24	24	24	24
153	40102	27	16	28	24
154	40102	259	157	128	181
128	40105	159	126	95	127
129	40105	832	982	889	901
129	40105	2057	2786	1789	2211
129	40105	386	394	495	425
131	40105	38	8	12	19
131	40105	2	16	31	16
131	40105	1	0	0	0
153	40105	266	87	26	126
153	40105	82	108	143	111
153	40105	55	41	9	35
154	40105	301	123	118	181
126	40106	402	154	257	271
127	40106	113	88	60	87
127	40106	11	9	4	8
127	40106	40	38	52	43
131	40106	98	133	58	96
131	40106	119	113	76	103
131	40106	305	133	118	185
134	40106	161	73	150	128
135	40106	255	280	489	341
135	40106	66	157	81	101
135	40106	73	55	67	65
143	40106	185	53	60	99
145	40106	82	21	13	39
153	40106	282	145	172	200
153	40106	43	105	33	60
153	40106	21	34	103	53
154	40106	212	88	39	113
164	40106	0	1	0	0
164	40106	0	0	0	0
147A	40106	701	315	165	394
147A	40106	32	16	8	19
126	40107	331	139	146	205
127	40107	227	234	178	213
127	40107	187	67	84	113
127	40107	112	50	25	62
134	40107	150	204	179	178
135	40107	149	97	93	113
135	40107	209	304	174	229
135	40107	149	173	243	188
143	40107	79	13	4	32
145	40107	151	101	37	96
152	40107	12	2	1	5
156	40107	36	16	18	23
156	40107	149	85	70	101
157	40107	243	195	9	149
159	40107	31	40	95	55
159	40107	75	38	63	59
164	40107	0	0	0	0
164	40107	0	0	0	0
147A	40107	136	73	39	83
147A	40107	3	4	0	2
132	40108	284	165	119	189
133	40108	41	65	24	43
133	40108	193	136	132	154
133	40108	60	91	131	94
152	40108	308	126	49	161
156	40108	128	96	51	92
156	40108	92	134	156	127
157	40108	27	14	18	20
159	40108	55	15	5	25
159	40108	17	2	2	7
126	40109	950	681	580	737
127	40109	1120	465	398	661
127	40109	681	571	352	535
127	40109	78	47	40	55
128	40109	401	239	186	275
129	40109	403	296	239	313
129	40109	372	458	300	377
129	40109	234	296	240	257
132	40109	96	45	24	55
133	40109	2	2	21	8
133	40109	42	34	19	32
133	40109	30	21	98	50
132	40112	60	31	12	34
133	40112	47	35	77	53
133	40112	439	336	55	277
133	40112	155	58	31	81
152	40112	71	30	15	39
156	40112	80	26	16	41
156	40112	8	1	1	3
164	40112	0	0	0	0
164	40112	0	0	0	0
147A	40112	149	78	52	93
147A	40112	29	17	6	17
128	40113	177	112	122	137
129	40113	473	581	511	522
129	40113	127	207	279	204
129	40113	891	1241	1095	1076
131	40113	144	98	164	135
131	40113	8	10	17	12
131	40113	5	6	7	6
143	40113	2	56	0	19
145	40113	102	107	64	91
153	40113	75	79	38	64
153	40113	34	49	44	42
153	40113	18	14	27	20
154	40113	55	87	27	56
164	40113	0	0	0	0
164	40113	0	0	0	0
147A	40113	5	4	2	4
147A	40113	30	13	14	19
131	40114	175	10	149	111
131	40114	30	15	27	24
131	40114	21	7	5	11
134	40114	79	40	31	50
135	40114	111	132	87	110
135	40114	38	52	17	36
135	40114	38	31	27	32
152	40114	183	140	68	130
156	40114	189	33	26	83
156	40114	303	90	83	159
143	40115	339	251	60	217
145	40115	85	76	173	111
126	40116	186	114	160	153
127	40116	451	122	71	215
127	40116	353	140	146	213
127	40116	112	106	88	102
128	40116	146	49	32	76
129	40116	219	129	84	144
129	40116	988	123	91	401
129	40116	321	352	241	305
132	40116	131	130	98	120
133	40116	22	72	14	36
133	40116	15	38	18	24
133	40116	0	4	7	4
157	40116	125	22	7	51
159	40116	0	1	1	1
159	40116	29	24	2	18
126	40119	130	85	66	94
127	40119	121	69	854	348
127	40119	84	38	20	47
127	40119	12	5	3	7
132	40119	15	14	7	12
133	40119	916	619	398	644
133	40119	2603	2563	3188	2785
133	40119	1701	1729	1577	1669
157	40119	1	0	4	2
159	40119	18	5	2	8
159	40119	28	12	4	15
128	40120	369	233	187	263
129	40120	577	823	857	752
129	40120	1008	938	1091	1012
129	40120	1260	2665	2240	2055
130	40120	166	77	29	91
131	40120	12	16	38	22
131	40120	22	20	18	20
131	40120	0	0	0	0
153	40120	52	49	74	58
153	40120	22	7	7	12
153	40120	17	28	19	21
154	40120	132	72	149	118
164	40120	0	0	0	0
164	40120	0	0	0	0
165	40120	0	1	122	41
147A	40120	133	134	84	117
147A	40120	167	59	35	87
131	40121	333	125	223	227
131	40121	19	11	7	12
131	40121	27	16	35	26
152	40121	144	95	49	96
156	40121	26	11	7	15
156	40121	14	55	76	48
164	40121	0	0	0	0
164	40121	0	0	0	0
147A	40121	52	75	96	74
147A	40121	63	83	10	52
132	40122	48	47	42	46
133	40122	9	7	9	8
133	40122	14	24	8	15
133	40122	48	67	86	67
134	40122	455	197	140	264
135	40122	495	527	225	416
135	40122	201	592	212	335
135	40122	186	133	312	210
143	40122	34	13	8	18
145	40122	245	217	73	178
152	40122	220	67	38	108
156	40122	47	2760	266	1024
156	40122	49	26	5	27
164	40122	0	0	0	0
164	40122	0	0	0	0
147A	40122	148	206	193	182
147A	40122	116	137	93	115
128	40123	323	265	231	273
129	40123	281	390	553	408
129	40123	623	534	426	528
129	40123	770	526	485	594
134	40123	217	131	61	136
135	40123	62	62	96	73
135	40123	16	13	9	13
135	40123	14	16	137	56
143	40123	118	24	9	50
145	40123	25	19	13	19
153	40123	48	26	6	27
153	40123	91	189	95	125
153	40123	21	30	108	53
154	40123	403	182	112	232
157	40123	190	113	13	105
159	40123	73	0	0	24
159	40123	15	7	176	66
165	40123	0	0	0	0
128	40126	46	35	12	31
129	40126	87	31	28	49
129	40126	87	50	23	53
129	40126	12	23	17	17
157	40126	13	15	7	12
159	40126	6	1	3	3
159	40126	16	7	3	9
132	40127	37	49	39	42
133	40127	182	59	35	92
133	40127	61	131	60	84
133	40127	60	42	37	46
143	40127	307	87	15	136
145	40127	243	130	112	162
157	40127	45	20	12	26
159	40127	36	17	8	20
159	40127	39	9	44	31
126	40128	272	218	146	212
127	40128	25	9	1	12
127	40128	189	65	55	103
127	40128	38	9	8	18
143	40128	936	287	60	428
145	40128	456	263	157	292
152	40128	171	66	53	97
156	40128	17	40	41	33
156	40128	18	1	3	7
126	40129	292	127	74	164
127	40129	89	75	61	75
127	40129	2	2	0	1
127	40129	3	8	3	5
132	40129	138	157	136	144
133	40129	37	675	1674	795
133	40129	2311	2043	2029	2128
133	40129	27	18	24	23
153	40129	66	385	85	179
153	40129	81	42	50	58
153	40129	154	53	42	83
154	40129	28	11	10	16
164	40129	1	0	1	1
165	40129	0	0	0	0
147A	40129	16	9	1	9
128	40130	188	126	83	132
129	40130	484	578	374	479
129	40130	488	278	126	297
129	40130	287	560	303	383
134	40130	309	109	111	176
135	40130	9	15	14	13
135	40130	14	7	8	10
135	40130	6	15	12	11
152	40130	221	151	130	167
156	40130	33	23	14	23
156	40130	10	2	44	19
164	40130	0	0	0	0
147A	40130	19	36	19	25
126	40133	100	60	60	73
127	40133	63	28	35	42
127	40133	51	31	14	32
127	40133	9	7	4	7
132	40133	35	35	23	31
133	40133	401	122	42	188
133	40133	126	11	5	47
133	40133	16	13	10	13
134	40133	22	6	21	16
135	40133	62	44	37	48
135	40133	53	33	22	36
135	40133	49	121	55	75
152	40133	48	19	42	36
156	40133	5	0	1	2
156	40133	0	25	2	9
128	40134	357	252	147	252
129	40134	528	608	395	510
129	40134	1119	1023	930	1024
129	40134	524	813	1061	799
130	40134	45	21	6	24
131	40134	303	22	101	142
131	40134	13	1	42	19
131	40134	43	18	7	23
134	40134	53	23	20	32
135	40134	125	159	108	131
135	40134	177	53	54	95
135	40134	53	88	88	76
143	40134	73	24	1	33
145	40134	243	111	59	138
157	40134	43	23	7	24
159	40134	2	0	0	1
159	40134	220	25	13	86
130	40135	189	78	44	104
131	40135	207	52	100	120
131	40135	186	154	130	157
131	40135	45	189	9	81
132	40135	217	55	59	110
133	40135	235	157	134	175
133	40135	116	204	177	166
133	40135	162	169	96	142
143	40135	323	23	30	125
145	40135	54	20	2	25
153	40135	375	232	123	243
153	40135	71	47	36	51
153	40135	122	170	100	131
154	40135	49	25	25	33
157	40135	15	7	1	8
159	40135	6	0	0	2
159	40135	11	3	22	12
164	40135	0	0	0	0
164	40135	0	0	0	0
165	40135	0	0	0	0
147A	40135	198	78	123	133
147A	40135	199	147	160	169
126	40136	376	283	194	284
127	40136	144	23	7	58
127	40136	82	56	20	53
127	40136	75	36	49	53
152	40136	368	130	35	178
156	40136	238	97	108	148
156	40136	14	6	4	8
164	40136	0	0	0	0
164	40136	0	0	0	0
147A	40136	23	12	10	15
147A	40136	321	127	103	184
128	40137	361	282	317	320
129	40137	750	1481	887	1039
129	40137	1714	1461	2314	1830
129	40137	440	527	622	530
153	40137	1180	1004	186	790
153	40137	24	32	51	36
153	40137	16	6	9	10
154	40137	50	16	14	27
164	40137	0	0	0	0
164	40137	0	0	0	0
147A	40137	65	44	84	64
147A	40137	5	4	2	4
143	40140	32	16	2	17
145	40140	548	383	378	436
152	40140	109	36	24	56
153	40140	111	27	32	57
153	40140	26	10	7	14
153	40140	9	4	11	8
154	40140	252	132	153	179
156	40140	1	0	0	0
156	40140	0	0	0	0
164	40140	0	0	0	0
165	40140	0	0	0	0
126	40141	242	223	161	209
127	40141	26	18	6	17
127	40141	23	7	13	14
127	40141	38	8	43	30
132	40141	55	38	4	32
133	40141	33	33	17	28
133	40141	36	73	134	81
133	40141	33	235	125	131
134	40141	246	139	103	163
135	40141	34	155	22	70
135	40141	49	15	13	26
135	40141	44	70	180	98
147A	40141	184	102	115	134
128	40142	205	62	25	97
129	40142	15	16	16	16
129	40142	7	5	4	5
129	40142	13	3	3	6
130	40142	53	44	24	40
131	40142	107	19	8	45
131	40142	45	9	2	19
131	40142	419	31	386	279
143	40142	6	0	0	2
145	40142	80	282	709	357
157	40142	24	14	16	18
159	40142	0	2	10	4
159	40142	11	1	0	4
126	40147	73	24	26	41
127	40147	31	10	21	21
127	40147	54	20	8	27
127	40147	26	9	2	12
131	40147	26	22	5	18
131	40147	10	7	10	9
131	40147	6	9	2	6
132	40147	1	0	0	0
133	40147	4	1	7	4
133	40147	31	12	5	16
133	40147	2	5	4	4
157	40147	24	10	1	12
159	40147	7	0	0	2
159	40147	9	14	4	9
132	40148	217	137	64	139
133	40148	12	12	19	14
133	40148	43	49	24	39
133	40148	54	26	31	37
152	40148	186	1099	123	469
156	40148	164	43	22	76
156	40148	7	5	0	4
128	40149	221	196	138	185
129	40149	168	122	103	131
129	40149	2295	1917	1450	1887
129	40149	181	164	103	149
130	40149	152	19	29	67
131	40149	74	40	314	143
131	40149	14	45	25	28
131	40149	22	14	7	14
143	40149	2	0	0	1
145	40149	261	95	25	127
153	40149	107	86	58	84
153	40149	120	60	64	81
153	40149	61	57	50	56
154	40149	347	106	150	201
164	40149	0	0	0	0
164	40149	0	0	0	0
147A	40149	18	13	35	22
147A	40149	166	219	138	174
130	40150	143	35	15	64
131	40150	68	94	84	82
131	40150	41	89	264	131
134	40150	67	34	18	40
135	40150	44	40	93	59
135	40150	58	37	72	56
135	40150	16	8	36	20
153	40150	57	90	56	68
153	40150	42	61	241	115
153	40150	3	2	4	3
154	40150	530	124	172	275
147A	40150	34	61	82	59
128	40151	125	169	173	156
129	40151	842	409	286	512
129	40151	1451	823	616	963
129	40151	183	107	109	133
134	40151	162	94	47	101
135	40151	22	11	35	23
135	40151	36	31	22	30
135	40151	95	21	17	44
143	40151	15	16	135	55
145	40151	25	5	23	18
152	40151	246	37	17	100
156	40151	23	13	22	19
156	40151	3	8	43	18
157	40151	12	59	19	30
159	40151	299	110	2	137
159	40151	0	0	45	15
164	40151	0	0	0	0
165	40151	0	0	0	0
128	40154	535	63	30	209
129	40154	36	258	39	111
129	40154	81	60	34	58
129	40154	15	343	525	294
134	40154	48	21	24	31
135	40154	42	25	4	24
135	40154	7	6	3	5
135	40154	16	5	2	8
157	40154	127	27	49	68
159	40154	9	4	3	5
159	40154	35	9	5	16
164	40154	0	0	0	0
165	40154	0	0	0	0
130	40156	47	39	17	34
131	40156	9	9	27	15
131	40156	44	459	79	194
131	40156	44	28	47	40
143	40156	78	14	4	32
145	40156	205	83	47	112
152	40156	104	67	149	107
156	40156	37	75	32	48
156	40156	16	77	44	46
126	40157	234	119	272	208
127	40157	87	9	43	46
127	40157	36	17	21	25
127	40157	4	4	5	4
128	40157	216	113	93	141
129	40157	472	297	190	320
129	40157	131	116	66	104
129	40157	177	227	91	165
132	40157	222	82	122	142
133	40157	152	46	20	73
133	40157	34	15	15	21
133	40157	35	15	24	25
153	40157	60	268	81	136
153	40157	46	28	34	36
153	40157	161	75	49	95
154	40157	16	14	9	13
130	40158	69	14	10	31
131	40158	25	27	49	34
131	40158	6	2	3	4
131	40158	4	10	3	6
134	40158	68	38	64	57
135	40158	16	22	5	14
135	40158	36	17	93	49
135	40158	22	16	2	13
143	40158	4687	6242	2588	4506
145	40158	86	65	41	64
152	40158	152	50	23	75
156	40158	6	0	0	2
156	40158	1	2	0	1
164	40158	0	0	0	0
164	40158	0	0	0	0
165	40158	1	0	0	0
165	40158	0	0	0	0
147A	40158	16	10	1	9
147A	40158	387	224	117	243
130	40161	159	75	72	102
131	40161	281	194	109	195
131	40161	134	62	47	81
131	40161	251	245	129	208
134	40161	302	183	128	204
135	40161	28	3	59	30
135	40161	40	18	28	29
135	40161	21	20	7	16
152	40161	489	128	65	227
156	40161	12	12	50	25
156	40161	424	259	228	304
147A	40161	93	113	92	99
147A	40161	152	92	29	91
128	40162	185	130	69	128
129	40162	222	125	107	151
129	40162	101	48	20	56
129	40162	96	10	12	39
134	40162	128	49	32	70
135	40162	48	243	218	170
135	40162	32	37	22	30
135	40162	127	42	29	66
143	40162	119	35	43	66
145	40162	280	158	38	159
157	40162	110	11	1	41
159	40162	1	2	2	2
159	40162	5	2	0	2
132	40163	39	81	51	57
133	40163	16	55	11	27
133	40163	610	571	373	518
133	40163	149	49	19	72
153	40163	55	18	8	27
153	40163	42	11	6	20
153	40163	25	28	33	29
154	40163	224	181	45	150
157	40163	33	16	88	46
159	40163	173	15	4	64
159	40163	1	0	0	0
165	40163	0	0	1	0
165	40163	0	0	0	0
147A	40163	61	26	15	34
147A	40163	28	27	32	29
143	40164	5	0	0	2
145	40164	29	10	4	14
128	40165	454	359	193	335
129	40165	906	804	791	834
129	40165	4767	5362	3221	4450
129	40165	2741	2811	2907	2820
132	40165	343	165	133	214
133	40165	71	59	300	143
133	40165	300	168	104	191
133	40165	36	79	71	62
153	40165	99	84	32	72
153	40165	12	16	22	17
153	40165	17	64	34	38
154	40165	144	66	44	85
164	40165	279	52	49	127
165	40165	0	0	0	0
132	40168	20	72	17	36
133	40168	64	93	52	70
133	40168	96	21	3	40
133	40168	14	190	111	105
143	40168	75	118	144	112
145	40168	147	33	26	69
126	40169	400	311	196	302
127	40169	7	1	2	3
127	40169	1	2	0	1
127	40169	31	19	17	22
130	40169	83	48	17	49
131	40169	22	13	16	17
131	40169	172	498	492	387
131	40169	171	28	24	74
134	40169	30	24	22	25
135	40169	18	11	11	13
135	40169	28	33	17	26
135	40169	20	20	12	17
143	40169	1143	107	21	424
145	40169	113	89	176	126
164	40169	0	0	0	0
165	40169	0	0	0	0
128	40170	98	135	65	99
129	40170	40	224	70	111
129	40170	149	110	369	209
129	40170	88	186	272	182
157	40170	95	122	48	88
159	40170	29	144	10	61
159	40170	30	1	10	14
126	40176	125	49	63	79
127	40176	37	63	999	366
127	40176	14	5	2	7
127	40176	0	1	1	1
128	40176	194	103	51	116
129	40176	53	45	23	40
129	40176	23	16	5	15
129	40176	10	9	3	7
130	40176	18	14	6	13
131	40176	22	11	5	13
131	40176	5	43	8	19
131	40176	11	7	2	7
132	40176	29	39	30	33
133	40176	191	54	15	87
133	40176	28	55	92	58
133	40176	95	93	72	87
134	40176	136	216	75	142
135	40176	40	45	165	83
135	40176	39	38	74	50
135	40176	46	32	20	33
143	40176	463	114	29	202
145	40176	473	254	256	328
157	40176	341	115	77	178
159	40176	16	5	1	7
159	40176	25	7	122	51
164	40176	0	0	0	0
165	40176	0	0	0	0
147A	40176	39	15	43	32
					
					
					
					
					
					
					
					
					
					
					
					
					
					
					
					
					
					
					
					
					
					
					
					
					
					
					
					
					
					
					
					
					
					
					
					
					
					
					
					
					
					
					
					
					
					
					
					
					
					
					
					
					
					
					
					
					
					
					
					
					
					
					
					
					
					
					
					
					
					
					
					
					
					
					
					
					
					
					
					
					
					
					
					
					
					
					
					
					
					
					
					
					
					
					
					
					
					
					
					
					
					
					
					
					
					
					
					
					
					
					
					
					
					
					
					
					
					
					
					
					
					
					
					
					
					
					
					
					
					
					
					
					
					
					
					
					
					
					
					
					
					
					
					
					
					
					
					
					
					
					
					
					
					
					
					
					
					
					
					
					
					
					
					
					
					
					
					
					
					
					
					
					
					
					
					
					
					
					
					
					
					
					
					
					
					
					
					
					
					
					
					
					
					
					
					
					
					
					
					
					
					
					
					
					
					
					
					
					
					
					
					
					
					
					
					
					
					
					
					
					
					
					
					
					
					
					
					
					
					
					
					
					
					
					
					
					
					
					
					
					
					
					
					
					
					
					
					
					
					
					
					
					
					
					
					
					
					
					
					
					
					
					
					
					
					
					
					
					
					
					
					
					
					
					
					
					
					
					
					
					
					
					
					
					
					
					
					
					
					
					
					
					
					
					
					
					
					
					
					
					
					
					
					
					
					
					
					
					
					
					
					
					
					
					
					
					
					
					
					
					
					
					
					
					
					
					
					
					
					
					
					
					
					
					
					
					
					
					
					
					
					
					
					
					
					
					
					
					
					
					
					
					
					
					
					
					
					
					
					
					
					
					
					
					
					
					
					
					
					
					
					
					
					
					
					
					
					
					
					
					
					
					
					
					
					
					
					
					
					
					
					
					
					
					
					
					
					
					
					
					
					
					
					
					
					
					
					
					
					
					
					
					
					
					
					
					
					
					
					
					
					
					
					
					
					
					
					
					
					
					
					
					
					
					
					
					
					
					
					
					
					
					
					
					
					
					
					
					
					
					
					
					
					
					
					
					
					
					
					
					
					
					
					
					
					
					
					
					
					
					
					
					
					
					
					
					
					
					
					
					
					
					
					
					
					
					
