Rm	Date	Read1	Read2	Read3	Mean
131	04/22/09	212	247	124	194
131	04/22/09	335	12	2	116
131	04/22/09	18	43	29	30
133	04/22/09	29	73	54	52
133	04/22/09	54	69	15	46
133	04/22/09	30	26	27	28
143	04/22/09	167	59	54	93
145	04/22/09	212	149	112	158
128	04/23/09	131	59	42	77
129	04/23/09	128	161	123	137
129	04/23/09	76	11	11	33
129	04/23/09	34	38	24	32
143	04/23/09	66	12	13	30
143	04/23/09	66	12	13	30
145	04/23/09	25	100	20	48
152	04/23/09	71	18	7	32
156	04/23/09	15	26	27	23
156	04/23/09	118	287	75	160
134	04/24/09	31	17	20	23
153	04/24/09	103	104	156	121
153	04/24/09	16	5	11	11
153	04/24/09	80	113	73	89
153	04/24/09	522	471	399	464
153	04/24/09	972	1242	1060	1091
153	04/24/09	1063	1073	918	1018
154	04/24/09	136	149	29	105
154	04/24/09	443	218	214	292
164	04/24/09	0	0	0	0
164	04/24/09	0	0	0	0
147A	04/24/09	8	35	11	18
147A	04/24/09	69	53	56	59
131	04/27/09	2	1	14	6
131	04/27/09	1	3	58	21
131	04/27/09	4	17	7	9
132	04/27/09	17	10	25	17
133	04/27/09	115	348	49	171
133	04/27/09	11	8	15	11
133	04/27/09	41	39	18	33
164	04/27/09	0	0	0	0
164	04/27/09	0	0	0	0
147A	04/27/09	41	42	59	47
147A	04/27/09	77	65	1,375	506
152	04/28/09	39	114	29	61
153	04/28/09	27	20	39	29
153	04/28/09	22	14	22	19
153	04/28/09	194	109	67	123
154	04/28/09	157	140	30	109
156	04/28/09	22	25	0	16
156	04/28/09	15	1	21	12
164	04/28/09	0	0	0	0
164	04/28/09	0	0	0	0
147A	04/28/09	25	2	5	11
147A	04/28/09	41	9	2	17
143	04/29/09	15	1	22	13
145	04/29/09	70	64	76	70
145	04/29/09	538	192	73	268
147	04/30/09	62	15	21	33
147	04/30/09	50	19	9	26
164T	04/30/09	0	0	0	0
164T	04/30/09	0	0	0	0
126	05/01/09	151	100	122	124
127	05/01/09	51	150	27	76
127	05/01/09	46	19	8	24
127	05/01/09	66	15	9	30
143	05/01/09	763	275	181	406
145	05/01/09	194	86	242	174
157	05/01/09	61	126	99	95
159	05/01/09	9	2	1	4
159	05/01/09	49	4	1	18
164	05/01/09	12	10	1	8
164	05/01/09	2	0	0	1
147A	05/01/09	265	214	202	227
147A	05/01/09	268	150	63	160
128	05/02/09	159	127	74	120
129	05/02/09	196	306	178	227
129	05/02/09	598	533	165	432
129	05/02/09	57	4	3	21
134	05/02/09	268	120	76	155
135	05/02/09	1076	419	186	560
135	05/02/09	36	70	31	46
135	05/02/09	53	31	38	41
131	05/04/09	8	2	3	4
131	05/04/09	24	79	36	46
131	05/04/09	32	14	4	17
132	05/04/09	75	32	18	42
133	05/04/09	14	18	6	13
133	05/04/09	32	7	6	15
133	05/04/09	50	29	13	31
126	05/05/09	150	281	185	205
127	05/05/09	40	85	78	68
127	05/05/09	13	9	9	10
127	05/05/09	120	58	216	131
157	05/05/09	10	1	3	5
159	05/05/09	9	2	12	8
159	05/05/09	10	1	12	8
128	05/07/09	203	217	133	184
129	05/07/09	1466	1167	1123	1252
129	05/07/09	536	711	2162	1136
129	05/07/09	1776	1289	972	1346
143	05/08/09	137	400	53	197
145	05/08/09	1834	648	276	919
152	05/08/09	88	23	6	39
153	05/08/09	358	99	146	201
153	05/08/09	96	124	40	87
153	05/08/09	69	69	50	63
153	05/08/09	148	96	51	98
153	05/08/09	20	62	28	37
153	05/08/09	30	35	27	31
154	05/08/09	112	38	25	58
154	05/08/09	147	42	27	72
156	05/08/09	31	12	3	15
156	05/08/09	0	0	0	0
147A	05/08/09	57	39	24	40
164T	05/08/09	0	0	0	0
143	05/09/09	799	214	82	365
145	05/09/09	99	36	21	52
164T	05/11/09	0	0	0	0
128	05/12/09	76	71	41	63
129	05/12/09	162	352	98	204
129	05/12/09	0	1	4	2
129	05/12/09	6	1	23	10
131	05/12/09	30	25	8	21
131	05/12/09	4	7	3	5
131	05/12/09	8	7	4	6
132	05/12/09	71	25	17	38
133	05/12/09	53	77	85	72
133	05/12/09	35	66	41	47
133	05/12/09	40	24	40	35
143	05/12/09	4380			4380
143	05/12/09	6			6
143	05/12/09	21			21
143	05/12/09	2			2
145	05/12/09	328			328
145	05/12/09	256			256
145	05/12/09	133			133
153	05/12/09	256	265	402	308
153	05/12/09	31	35	29	32
153	05/12/09	27	30	17	25
154	05/12/09	50	13	1	21
164	05/12/09	0	0	0	0
164	05/12/09	0	0	0	0
147A	05/12/09	10	2	12	8
147A	05/12/09	196	121	37	118
164	05/13/09	0	0	0	0
164	05/13/09	0	0	0	0
147A	05/13/09	372	254	413	346
147A	05/13/09	305	254	187	249
126	05/14/09	127	89	57	91
127	05/14/09	27	5	0	11
127	05/14/09	13	17	55	28
127	05/14/09	36	17	12	22
152	05/14/09	17	44	2	21
153	05/14/09	45	185	32	87
153	05/14/09	13	210	75	99
153	05/14/09	39	60	29	43
154	05/14/09	143	93	47	94
156	05/14/09	4	3	1	3
156	05/14/09	149	269	198	205
157	05/14/09	63	42	7	37
159	05/14/09	4	0	1	2
159	05/14/09	39	3	22	21
164	05/14/09	0	0	0	0
164	05/14/09	0	0	0	0
164	05/14/09	0	0	0	0
164	05/14/09	0	0	0	0
147A	05/14/09	24	8	3	12
147A	05/14/09	46	41	37	41
147A	05/14/09	24	8	3	12
147A	05/14/09	46	41	37	41
128	05/15/09	156	128	57	114
129	05/15/09	165	118	76	120
129	05/15/09	597	3685	977	1753
129	05/15/09	145	167	203	172
131	05/15/09	35	6	13	18
131	05/15/09	29	49	46	41
131	05/15/09	2	1	2	2
134	05/15/09	278	212	119	203
135	05/15/09	28	8	6	14
135	05/15/09	30	18	10	19
135	05/15/09	57	40	47	48
152	05/15/09	91	209	122	141
156	05/15/09	33	3	8	15
156	05/15/09	13	22	20	18
143	05/16/09	253	24	25	101
145	05/16/09	34	17	6	19
128	05/18/09	167	123	100	130
129	05/18/09	4312	4549	4486	4449
129	05/18/09	1848	1901	1768	1839
129	05/18/09	595	696	530	607
131	05/18/09	14	6	4	8
131	05/18/09	32	94	54	60
131	05/18/09	8	6	10	8
134	05/18/09	31	18	10	20
135	05/18/09	24	7	2	11
135	05/18/09	3	2	1	2
135	05/18/09	57	66	87	70
152	05/18/09	35	25	10	23
156	05/18/09	8	4	297	103
156	05/18/09	1	4	2	2
143	05/19/09	24	85	18	42
145	05/19/09	15	2	5	7
152	05/19/09	107	98	106	104
128	05/20/09	29	24	18	24
129	05/20/09	352	310	203	288
129	05/20/09	119	47	34	67
129	05/20/09	9	46	41	32
131	05/20/09	145	170	96	137
131	05/20/09	28	28	8	21
131	05/20/09	3	37	14	18
132	05/20/09	184	103	58	115
133	05/20/09	121	68	37	75
133	05/20/09	167	93	77	112
133	05/20/09	41	31	72	48
153	05/20/09	86	106	72	88
153	05/20/09	149	61	36	82
153	05/20/09	89	117	70	92
154	05/20/09	74	27	9	37
126	05/21/09	315	183	137	212
127	05/21/09	102	66	67	78
127	05/21/09	35	22	38	32
127	05/21/09	9	11	13	11
132	05/21/09	134	48	30	71
132	05/21/09	134	48	30	71
133	05/21/09	50	36	27	38
133	05/21/09	93	66	68	76
133	05/21/09	20	20	10	17
133	05/21/09	50	36	27	38
133	05/21/09	93	66	68	76
133	05/21/09	20	20	10	17
153	05/21/09	232	281	94	202
153	05/21/09	58	30	32	40
153	05/21/09	8	15	27	17
154	05/21/09	359	273	189	274
157	05/21/09	53	38	58	50
159	05/21/09	144	279	394	272
159	05/21/09	116	253	435	268
164	05/21/09	2	0	0	1
164	05/21/09	13	12	8	11
147A	05/21/09	58	26	8	31
147A	05/21/09	223	303	99	208
147A	05/21/09	84	66	53	68
147A	05/21/09	48	36	27	37
126	05/22/09	160	88	219	156
127	05/22/09	51	7	7	22
127	05/22/09	7	4	4	5
127	05/22/09	5	38	2	15
134	05/22/09	374	290	150	271
135	05/22/09	109	23	94	75
135	05/22/09	26	40	9	25
135	05/22/09	18	31	26	25
143	05/22/09	25	5	0	10
145	05/22/09	139	126	31	99
152	05/22/09	114	144	159	139
153	05/22/09	98	122	413	211
153	05/22/09	58	29	28	38
153	05/22/09	25	30	27	27
154	05/22/09	122	110	109	114
156	05/22/09	8	7	2	6
156	05/22/09	3	5	10	6
157	05/22/09	150	179	54	128
159	05/22/09	1	112	0	38
159	05/22/09	30	56	5	30
147A	05/22/09	28	10	13	17
126	05/26/09	158	188	83	143
127	05/26/09	43	26	26	32
127	05/26/09	5	2	2	3
127	05/26/09	32	58	59	50
128	05/26/09	11	1	1	4
128	05/26/09	11	1	1	4
129	05/26/09	9	14	2	8
129	05/26/09	16	20	20	19
129	05/26/09	1	2	0	1
129	05/26/09	9	14	2	8
129	05/26/09	16	20	20	19
129	05/26/09	1	2	0	1
131	05/26/09	112	63	10	62
131	05/26/09	6	8	15	10
131	05/26/09	54	7	1	21
134	05/26/09	120	42	31	64
135	05/26/09	18	14	6	13
135	05/26/09	13	24	21	19
135	05/26/09	8	9	3	7
156	05/26/09	122	18	88	76
156	05/26/09	50	70	8	43
164	05/26/09	2	0	0	1
147A	05/26/09	290	53	40	128
128	05/28/09	169	112	87	123
129	05/28/09	277	168	256	234
129	05/28/09	84	18	49	50
129	05/28/09	42	39	67	49
131	05/28/09	28	26	38	31
131	05/28/09	95	56	58	70
131	05/28/09	76	101	117	98
132	05/28/09	72	100	213	128
133	05/28/09	46	38	120	68
133	05/28/09	99	51	98	83
133	05/28/09	217	252	80	183
143	05/28/09	3232	3576	1577	2795
145	05/28/09	58	45	28	44
153	05/28/09	68	74	20	54
153	05/28/09	40	16	9	22
153	05/28/09	216	85	46	116
154	05/28/09	289	84	102	158
157	05/28/09	20	17	7	15
159	05/28/09	4	0	0	1
159	05/28/09	0	0	0	0
126	05/29/09	139	91	64	98
127	05/29/09	50	22	50	41
127	05/29/09	37	10	3	17
127	05/29/09	3	1	1	2
132	05/29/09	148	120	108	125
133	05/29/09	85	86	23	65
133	05/29/09	118	79	32	76
133	05/29/09	22	24	33	26
134	05/29/09	117	48	24	63
135	05/29/09	24	9	79	37
135	05/29/09	102	28	51	60
135	05/29/09	81	63	135	93
143	05/29/09	21591	7148	2261	10333
145	05/29/09	137	64	36	79
152	05/29/09	191	54	109	118
156	05/29/09	63	48	8	40
156	05/29/09	63	8	0	24
157	05/29/09	826	30	10	289
159	05/29/09	94	5	176	92
159	05/29/09	0	0	0	0
134	05/30/09	178	92	59	110
135	05/30/09	126	135	61	107
135	05/30/09	13	17	33	21
135	05/30/09	22	12	24	19
128	06/01/09	82	32	43	52
129	06/01/09	71	39	50	53
129	06/01/09	21	59	266	115
129	06/01/09	230	183	76	163
134	06/01/09	90	45	24	53
135	06/01/09	11	6	2	6
135	06/01/09	21	15	12	16
135	06/01/09	7	2	23	11
152	06/01/09	22	328	172	174
156	06/01/09	266	32	24	107
156	06/01/09	1	1	34	12
164	06/01/09	0	0	0	0
164	06/01/09	0	0	2	1
147A	06/01/09	22	12	8	14
147A	06/01/09	15	9	5	10
164	06/02/09	0	0	0	0
164	06/02/09	0	4	14	6
147A	06/02/09	73	84	65	74
147A	06/02/09	147	108	65	107
128	06/03/09	76	52	38	55
129	06/03/09	63	57	152	91
129	06/03/09	7	12	21	13
129	06/03/09	158	87	180	142
131	06/03/09	97	372	226	232
131	06/03/09	11	6	5	7
131	06/03/09	3	0	0	1
132	06/03/09	148	80	65	98
133	06/03/09	38	38	35	37
133	06/03/09	16	37	44	32
133	06/03/09	18	9	0	9
153	06/03/09	38	36	59	44
153	06/03/09	174	129	65	123
153	06/03/09	142	92	32	89
154	06/03/09	167	23	17	69
164	06/03/09	4	0	0	1
164	06/03/09	3	0	0	1
147A	06/03/09	86	22	68	59
147A	06/03/09	125	37	57	73
126	06/04/09	224	146	91	154
127	06/04/09	50	39	25	38
127	06/04/09	24	9	4	12
127	06/04/09	26	39	51	39
132	06/04/09	83	22	54	53
133	06/04/09	108	43	20	57
133	06/04/09	51	24	51	42
133	06/04/09	104	110	77	97
143	06/04/09	28	7	6	14
145	06/04/09	26	38	134	66
153	06/04/09	259	55	22	112
153	06/04/09	44	38	52	45
153	06/04/09	31	28	25	28
154	06/04/09	61	45	18	41
157	06/04/09	20	14	1	12
159	06/04/09	18	25	2	15
159	06/04/09	35	1	0	12
164	06/04/09	8	87	0	32
164	06/04/09	0	0	0	0
147A	06/04/09	108	3	15	42
147A	06/04/09	29	13	9	17
126	06/05/09	68	56	24	49
127	06/05/09	13	21	14	16
127	06/05/09	9	5	10	8
127	06/05/09	3	2	1	2
134	06/05/09	207	38	43	96
135	06/05/09	3	9	8	7
135	06/05/09	10	6	9	8
135	06/05/09	19	18	18	18
152	06/05/09	128	170	199	166
156	06/05/09	6	2	2	3
156	06/05/09	2	0	7	3
157	06/05/09	15	6	3	8
159	06/05/09	20	2	0	7
159	06/05/09	0	0	0	0
164	06/05/09	0	0	0	0
164	06/05/09	0	0	0	0
147A	06/05/09	11	1	2	5
147A	06/05/09	19	16	10	15
143	06/06/09	142	41	51	78
145	06/06/09	440	200	49	230
126	06/08/09	183	140	340	221
127	06/08/09	35	28	9	24
127	06/08/09	73	44	18	45
127	06/08/09	30	12	17	20
134	06/08/09	43	13	12	23
135	06/08/09	6	4	3	4
135	06/08/09	23	5	6	11
135	06/08/09	31	12	22	22
145	06/08/09	743	410	306	486
152	06/08/09	45	113	141	100
156	06/08/09	579	175	40	265
156	06/08/09	32	27	1	20
157	06/08/09	2	2	0	1
159	06/08/09	872	496	246	538
159	06/08/09	34	51	56	47
164	06/08/09	0	3	0	1
164	06/08/09	3	0	1	1
147A	06/08/09	276	161	130	189
147A	06/08/09	269	208	199	225
147A	06/08/09	38	34	94	55
147A	06/08/09	38	34	94	55
128	06/09/09	213	144	129	162
129	06/09/09	39	37	18	31
129	06/09/09	9	7	18	11
129	06/09/09	17	15	81	38
131	06/09/09	32	34	28	31
131	06/09/09	24	206	15	82
131	06/09/09	11	9	2	7
134	06/09/09	26	71	56	51
135	06/09/09	84	31	54	56
135	06/09/09	19	16	14	16
135	06/09/09	19	9	9	12
152	06/09/09	74	45	119	79
156	06/09/09	10	21	16	16
156	06/09/09	85	65	24	58
164	06/09/09	0	0	0	0
147A	06/09/09	65	15	9	30
143	06/10/09	112	40	34	62
145	06/10/09	253	95	34	127
128	06/11/09	281	74	74	143
129	06/11/09	89	262	154	168
129	06/11/09	20	34	67	40
129	06/11/09	30	9	5	15
131	06/11/09	65	7	3	25
131	06/11/09	194	98	68	120
131	06/11/09	248	81	16	115
132	06/11/09	90	67	46	68
133	06/11/09	205	80	29	105
133	06/11/09	77	57	57	64
133	06/11/09	22	66	62	50
153	06/11/09	70	78	24	57
153	06/11/09	17	31	25	24
153	06/11/09	7	88	9	35
154	06/11/09	20	44	31	32
126	06/12/09	134	214	267	205
127	06/12/09	26	10	5	14
127	06/12/09	73	8	15	32
127	06/12/09	10	4	38	17
132	06/12/09	414	416	890	573
133	06/12/09	6	6	7	6
133	06/12/09	13	34	64	37
133	06/12/09	66	15	13	31
153	06/12/09	121	50	178	116
153	06/12/09	16	41	10	22
153	06/12/09	21	20	30	24
154	06/12/09	396	328	67	264
157	06/12/09	222	119	30	124
159	06/12/09	2	1	0	1
159	06/12/09	0	0	0	0
164	06/12/09	0	0	0	0
164	06/12/09	0	0	0	0
147A	06/12/09	266	94	67	142
147A	06/12/09	68	84	35	62
147A	06/12/09	53	40	6	33
147A	06/12/09	269	148	67	161
143	06/13/09	30	35	27	31
145	06/13/09	119	33	14	55
126	06/15/09	117	150	113	127
127	06/15/09	56	20	9	28
127	06/15/09	23	74	78	58
127	06/15/09	99	36	28	54
132	06/15/09	248	98	45	130
133	06/15/09	11	46	4	20
133	06/15/09	11	42	97	50
133	06/15/09	7	9	7	8
153	06/15/09	150	30	59	80
153	06/15/09	13	20	9	14
153	06/15/09	21	11	30	21
154	06/15/09	309	83	36	143
157	06/15/09	13	1	3	6
159	06/15/09	0	0	0	0
159	06/15/09	10	4	2	5
147A	06/15/09	365	155	46	189
147A	06/15/09	85	26	14	42
164T	06/15/09	0	0	0	0
164T	06/15/09	0	0	0	0
134	06/16/09	453	153	76	227
135	06/16/09	33	39	15	29
135	06/16/09	29	67	50	49
135	06/16/09	2	24	17	14
157	06/16/09	90	103	71	88
164	06/16/09	0	0	0	0
164	06/16/09	0	0	0	0
147A	06/16/09	26	28	17	24
147A	06/16/09	43	35	53	44
126	06/17/09	185	87	129	134
127	06/17/09	737	365	59	387
127	06/17/09	57	70	44	57
127	06/17/09	14	12	20	15
128	06/17/09	155	81	67	101
129	06/17/09	43	56	125	75
129	06/17/09	20	3	3	9
129	06/17/09	63	55	28	49
131	06/17/09	244	191	75	170
131	06/17/09	44	44	25	38
131	06/17/09	10	0	3	4
134	06/17/09	177	227	133	179
135	06/17/09	20	33	18	24
135	06/17/09	57	38	40	45
135	06/17/09	16	22	27	22
143	06/17/09	13	3	1	6
145	06/17/09	562	196	56	271
152	06/17/09	36	13	4	18
156	06/17/09	110	44	101	85
156	06/17/09	6	2	9	6
164	06/17/09	0	0	0	0
147A	06/17/09	0	2	0	1
147A	06/17/09	22	14	46	27
147A	06/17/09	23	18	10	17
156	06/18/09	77	87	94	86
156	06/18/09	0	0	0	0
147A	06/18/09	224	223	139	195
164T	06/18/09	0	0	0	0
128	06/19/09	926	487	217	543
129	06/19/09	164	93	207	155
129	06/19/09	138	117	63	106
129	06/19/09	52	26	104	61
131	06/19/09	61	58	39	53
131	06/19/09	1199	60	102	454
131	06/19/09	15	312	65	131
132	06/19/09	578	401	281	420
133	06/19/09	86	80	35	67
133	06/19/09	151	947	1163	754
133	06/19/09	75	235	115	142
153	06/19/09	155	537	469	387
153	06/19/09	100	66	196	121
153	06/19/09	203	152	113	156
154	06/19/09	614	133	102	283
143	06/20/09	142	29	6	59
145	06/20/09	423	216	329	323
159	06/20/09	16	36	3	18
159	06/20/09	36	12	6	18
126	06/22/09	101	70	44	72
127	06/22/09	62	70	31	54
127	06/22/09	48	15	24	29
127	06/22/09	58	39	45	47
128	06/22/09	66	55	148	90
128	06/22/09	66	55	148	90
129	06/22/09	372	353	224	316
129	06/22/09	116	103	120	113
129	06/22/09	62	60	72	65
129	06/22/09	372	353	224	316
129	06/22/09	116	103	120	113
129	06/22/09	62	60	72	65
132	06/22/09	448	375	208	344
132	06/22/09	293	159	112	188
133	06/22/09	13	44	181	79
133	06/22/09	384	186	141	237
133	06/22/09	131	149	50	110
133	06/22/09	25	17	41	28
133	06/22/09	51	35	42	43
133	06/22/09	51	23	26	33
143	06/22/09	50	36	8	31
145	06/22/09	15	3	0	6
153	06/22/09	39	29	19	29
153	06/22/09	15	6	4	8
153	06/22/09	37	12	4	18
153	06/22/09	39	29	19	29
153	06/22/09	15	6	4	8
153	06/22/09	37	12	4	18
154	06/22/09	210	76	45	110
154	06/22/09	210	76	45	110
147A	06/22/09	132	70	88	97
147A	06/22/09	14	13	7	11
147A	06/22/09	7	17	17	14
147A	06/22/09	29	10	30	23
164T	06/22/09	0	0	0	0
164T	06/22/09	0	0	0	0
131	06/23/09	234	136	199	190
131	06/23/09	13	6	2	7
131	06/23/09	2	2	5	3
132	06/23/09	5	1	1	2
133	06/23/09	15	10	4	10
133	06/23/09	21	26	30	26
133	06/23/09	14	14	22	17
153	06/23/09	83	20	18	40
153	06/23/09	124	154	21	100
153	06/23/09	34	76	31	47
154	06/23/09	76	21	5	34
157	06/23/09	44	45	23	37
159	06/23/09	33	13	22	23
159	06/23/09	27	28	18	24
164T	06/23/09	0	0	0	0
164T	06/23/09	2	0	0	1
126	06/24/09	92	56	58	69
127	06/24/09	131	149	55	112
127	06/24/09	149	80	63	97
127	06/24/09	22	26	12	20
134	06/24/09	32	22	13	22
135	06/24/09	24	19	12	18
135	06/24/09	23	15	13	17
135	06/24/09	10	7	2	6
152	06/24/09	208	68	52	109
156	06/24/09	92	27	73	64
156	06/24/09	42	14	81	46
164	06/24/09	0	0	0	0
164	06/24/09	0	0	0	0
147A	06/24/09	80	68	86	78
147A	06/24/09	114	64	40	73
128	06/25/09	147	96	43	95
129	06/25/09	80	83	29	64
129	06/25/09	52	14	5	24
129	06/25/09	152	90	43	95
131	06/25/09	26	13	13	17
131	06/25/09	14	3	5	7
131	06/25/09	29	22	48	33
134	06/25/09	52	33	14	33
135	06/25/09	50	41	27	39
135	06/25/09	26	8	29	21
135	06/25/09	39	52	7	33
143	06/25/09	52	17	7	25
145	06/25/09	66	73	11	50
152	06/25/09	153	9	118	93
156	06/25/09	30	50	104	61
156	06/25/09	59	21	8	29
157	06/25/09	165	187	172	175
147A	06/25/09	16	5	4	8
147A	06/25/09	53	180	76	103
165T	06/25/09	0	0	0	0
165T	06/25/09	0	0	0	0
126	06/26/09	213	137	122	157
126	06/26/09	1827	1657	915	1466
126	06/26/09	186	171	130	162
127	06/26/09	139	46	49	78
127	06/26/09	60	14	11	28
127	06/26/09	611	409	300	440
127	06/26/09	80	124	58	87
127	06/26/09	25	29	15	23
127	06/26/09	50	49	50	50
127	06/26/09	99	65	49	71
127	06/26/09	62	29	45	45
127	06/26/09	26	8	30	21
147A	06/26/09	55	49	7	37
147A	06/26/09	35	26	8	23
165T	06/26/09	0	0	0	0
165T	06/26/09	1	0	0	0
131	06/29/09	16	356	57	143
131	06/29/09	46	73	34	51
131	06/29/09	75	70	40	62
147A	06/29/09	24	11	3	13
147A	06/29/09	12	91	26	43
147A	06/29/09	15	7	5	9
147A	06/29/09	252	118	66	145
164T	06/29/09	0	0	0	0
164T	06/29/09	0	0	0	0
126	06/30/09	174	208	115	166
126	06/30/09	750	362	243	452
126	06/30/09	163	142	107	137
127	06/30/09	38	727	119	295
127	06/30/09	24	23	11	19
127	06/30/09	19	16	356	130
127	06/30/09	58	18	17	31
127	06/30/09	46	50	72	56
127	06/30/09	101	92	98	97
127	06/30/09	12	11	41	21
127	06/30/09	15	9	7	10
127	06/30/09	77	54	52	61
131	06/30/09	18	2	5	8
131	06/30/09	26	22	27	25
131	06/30/09	30	12	4	15
131	06/30/09	148	59	22	76
131	06/30/09	13	56	38	36
131	06/30/09	4	1	0	2
132	06/30/09	571	484	290	448
132	06/30/09	30	26	27	28
133	06/30/09	11	10	6	9
133	06/30/09	20	13	8	14
133	06/30/09	4	10	1	5
126	07/01/09	182	119	84	128
127	07/01/09	68	5	5	26
127	07/01/09	145	51	14	70
127	07/01/09	0	4	0	1
128	07/01/09	68	76	22	55
129	07/01/09	111	199	112	141
129	07/01/09	45	64	40	50
129	07/01/09	17	43	37	32
132	07/01/09	131	495	394	340
133	07/01/09	36	58	40	45
133	07/01/09	166	103	85	118
133	07/01/09	59	45	48	51
134	07/01/09	67	36	13	39
135	07/01/09	27	10	34	24
135	07/01/09	7	5	5	6
135	07/01/09	4	10	4	6
143	07/01/09	50	20	22	31
145	07/01/09	356	120	40	172
152	07/01/09	201	138	315	218
153	07/01/09	36	58	40	45
153	07/01/09	895	834	908	879
153	07/01/09	59	45	48	51
154	07/01/09	179	89	59	109
156	07/01/09	0	14	2	5
156	07/01/09	6	1	6	4
157	07/01/09	103	18	7	43
159	07/01/09	0	2	0	1
159	07/01/09	8	22	21	17
128	07/02/09	135	82	33	83
129	07/02/09	45	24	15	28
129	07/02/09	307	127	53	162
129	07/02/09	55	22	20	32
143	07/02/09	135	5	2	47
145	07/02/09	33	25	4	21
152	07/02/09	200	44	35	93
156	07/02/09	6	8	0	5
156	07/02/09	0	0	0	0
157	07/02/09	96	51	21	56
159	07/02/09	1	0	0	0
159	07/02/09	5	1	1	2
147A	07/06/09	79	108	116	101
147A	07/06/09	67	26	26	40
164T	07/06/09	0	0	0	0
164T	07/06/09	0	0	0	0
128	07/07/09	330	397	256	328
129	07/07/09	4	8	16	9
129	07/07/09	2	5	5	4
129	07/07/09	13	8	1	7
131	07/07/09	215	44	32	97
131	07/07/09	127	670	378	392
131	07/07/09	32	30	45	36
132	7/7/2009	13	39	14	22
133	07/07/09	95	146	218	153
133	07/07/09	87	34	37	53
133	07/07/09	200	199	341	247
153	07/07/09	156	129	223	169
153	07/07/09	215	151	96	154
153	07/07/09	132	112	78	107
154	07/07/09	54	28	31	38
147A	07/07/09	164	95	32	97
147A	07/07/09	487	193	97	259
164T	07/07/09	0	0	0	0
164T	07/07/09	0	1	6	2
126	07/08/09	212	347	240	266
127	07/08/09	3	1	0	1
127	07/08/09	5	6	2	4
127	07/08/09	21	49	9	26
132	07/08/09	130	311	185	209
133	07/08/09	45	7	107	53
133	07/08/09	19	13	39	24
133	07/08/09	54	10	64	43
143	07/08/09	1	0	0	0
145	07/08/09	73	30	13	39
153	07/08/09	968	787	705	820
153	07/08/09	1406	1294	1119	1273
153	07/08/09	1189	2893	2822	2301
154	07/08/09	1262	868	856	995
157	07/08/09	70	19	5	31
159	07/08/09	9	2	5	5
159	07/08/09	11	0	6	6
126	07/09/09	63	33	60	52
127	07/09/09	81	13	17	37
127	07/09/09	24	7	20	17
127	07/09/09	12	8	2	7
131	07/09/09	182	75	51	103
131	07/09/09	173	12	23	69
131	07/09/09	164	97	28	96
145	07/09/09	78	27	18	41
152	07/09/09	434	704	1156	765
156	07/09/09	41	24	38	34
156	07/09/09	132	56	38	75
157	07/09/09	7	6	4	6
159	07/09/09	5	1	0	2
159	07/09/09	1	1	0	1
164	07/09/09	0	0	0	0
164	07/09/09	0	0	0	0
147A	07/09/09	46	23	15	28
147A	07/09/09	17	10	5	11
128	07/10/09	69	31	57	52
129	07/10/09	178	56	30	88
129	07/10/09	32	5	1751	596
129	07/10/09	127	58	26	70
132	07/10/09	76	30	171	92
133	07/10/09	31	7	3	14
133	07/10/09	46	35	23	35
133	07/10/09	27	35	13	25
134	07/10/09	22	38	141	67
135	07/10/09	32	47	194	91
135	07/10/09	30	20	12	21
135	07/10/09	13	17	28	19
143	07/10/09	6	0	1	2
145	07/10/09	152	100	15	89
152	07/10/09	146	33	43	74
156	07/10/09	150	31	343	175
156	07/10/09	14	4	1	6
128	07/13/09	81	69	28	59
129	07/13/09	14	4	64	27
129	07/13/09	10	1	2	4
129	07/13/09	0	0	3	1
131	07/13/09	17	22	16	18
131	07/13/09	15	47	4	22
131	07/13/09	13	11	2	9
131	07/13/09	250	80	80	137
131	07/13/09	119	97	206	141
131	07/13/09	93	89	119	100
134	07/13/09	47	21	19	29
135	07/13/09	21	20	33	25
135	07/13/09	7	15	8	10
135	07/13/09	12	4	4	7
152	07/13/09	37	23	5	22
156	07/13/09	79	34	1	38
156	07/13/09	66	0	0	22
128	07/15/09	286	96	113	165
129	07/15/09	174	464	69	236
129	07/15/09	25	19	5	16
129	07/15/09	18	62	33	38
131	07/15/09	352	117	35	168
131	07/15/09	76	14	6	32
131	07/15/09	5	1	43	16
132	07/15/09	36	34	15	28
133	07/15/09	20	8	7	12
133	07/15/09	42	19	17	26
133	07/15/09	60	7	16	28
153	07/15/09	43	350	216	203
153	07/15/09	42	64	58	55
153	07/15/09	56	35	17	36
154	07/15/09	144	65	19	76
143	07/16/09	227	53	12	97
157	07/16/09	40	15	12	22
159	07/16/09	31	5	2	13
159	07/16/09	16	3	15	11
164	07/16/09	0	0	0	0
164T	07/16/09	1	0	1	1
126	07/17/09	2052	1252	738	1347
127	07/17/09	1240	1484	604	1109
127	07/17/09	71	92	53	72
127	07/17/09	17	16	12	15
134	07/17/09	237	135	91	154
135	07/17/09	65	54	25	48
135	07/17/09	99	101	68	89
135	07/17/09	58	73	30	54
152	07/17/09	138	61	120	106
156	07/17/09	39	41	21	34
156	07/17/09	1	10	64	25
157	07/17/09	241	193	170	201
159	07/17/09	4	6	41	17
159	07/17/09	7	1	0	3
147A	07/17/09	141	299	219	220
164T	07/17/09	0	0	0	0
143	07/18/09	404	580	106	363
126	07/20/09	40	33	92	55
127	07/20/09	101	105	100	102
127	07/20/09	14	2	1	6
127	07/20/09	4	3	1	3
134	07/20/09	120	66	27	71
135	07/20/09	58	75	85	73
135	07/20/09	29	22	13	21
135	07/20/09	32	35	27	31
152	07/20/09	24	25	17	22
156	07/20/09	5	19	36	20
156	07/20/09	0	0	0	0
157	07/20/09	8	12	1	7
158	07/20/09	250			250
159	07/20/09	3	0	0	1
159	07/20/09	2	0	0	1
165	07/20/09	0	0	0	0
128	07/22/09	137	108	78	108
129	07/22/09	75	19	39	44
129	07/22/09	168	119	153	147
129	07/22/09	183	115	66	121
164	07/22/09	0	0	0	0
131	07/23/09	81	29	8	39
131	07/23/09	54	13	138	68
131	07/23/09	27	34	52	38
132	07/23/09	112	92	49	84
133	07/23/09	7	4	4	5
133	07/23/09	32	66	32	43
133	07/23/09	372	139	59	190
153	07/23/09	373	991	622	662
153	07/23/09	60	41	31	44
153	07/23/09	83	29	17	43
154	07/23/09	399	123	70	197
132	07/24/09	62	139	122	108
133	07/24/09	13	44	23	27
133	07/24/09	18	10	4	11
133	07/24/09	9	9	19	12
143	07/24/09	485	136	49	223
153	07/24/09	45	32	963	347
153	07/24/09	38	129	53	73
153	07/24/09	39	8	9	19
154	07/24/09	396	93	144	211
157	07/24/09	732	238	292	421
159	07/24/09	26	63	93	61
159	07/24/09	24	121	84	76
164	07/24/09	90	32	43	55
147A	07/24/09	93	34	19	49
145	07/25/09	63	10	2	25
128	07/27/09	26	28	4	19
129	07/27/09	24	22	20	22
129	07/27/09	25	23	7	18
129	07/27/09	0	0	1	0
131	07/27/09	60	33	10	34
131	07/27/09	37	36	30	34
131	07/27/09	41	19	36	32
131	07/27/09	39	48	21	36
131	07/27/09	119	1637	149	635
131	07/27/09	29	7	50	29
134	07/27/09	69	27	20	39
135	07/27/09	8	3	8	6
135	07/27/09	9	17	86	37
135	07/27/09	13	3	7	8
152	07/27/09	111	46	19	59
156	07/27/09	1	0	1	1
156	07/27/09	2	0	3	2
165	07/27/09	0	0	0	0
165	07/27/09	0	0	0	0
147A	07/27/09	48	195	149	131
147A	07/27/09	84	81	217	127
126	07/28/09	12	26	1	13
127	07/28/09	44	23	35	34
127	07/28/09	5	2	1	3
127	07/28/09	0	11	63	25
134	07/28/09	35	94	23	51
135	07/28/09	22	47	24	31
135	07/28/09	35	23	19	26
135	07/28/09	54	53	35	47
143	07/28/09	2356	197	42	865
145	07/28/09	87	11	47	48
152	07/28/09	48	32	44	41
156	07/28/09	9	32	132	58
156	07/28/09	22	254	217	164
157	07/28/09	63	145	240	149
159	07/28/09	1	2	2	2
159	07/28/09	70	22	42	45
131	07/29/09	67	17	24	36
131	07/29/09	55	34	43	44
131	07/29/09	21	9	5	12
131	07/29/09	83	964	506	518
131	07/29/09	59	34	22	38
131	07/29/09	11	2	9	7
132	07/29/09	116	65	58	80
133	07/29/09	27	34	54	38
133	07/29/09	87	80	88	85
133	07/29/09	80	31	13	41
153	07/29/09	482	216	101	266
153	07/29/09	188	84	98	123
153	07/29/09	204	153	97	151
154	07/29/09	159	43	30	77
128	07/30/09	110	63	40	71
129	07/30/09	106	29	75	70
129	07/30/09	768	253	45	355
129	07/30/09	15	5	4	8
143	07/30/09	519	155	75	250
145	07/30/09	750	390	393	511
164	07/30/09	0	0	0	0
131	07/31/09	42	40	51	44
131	07/31/09	24	46	44	38
131	07/31/09	1	2	1	1
132	07/31/09	269	434	261	321
133	07/31/09	9	14	28	17
133	07/31/09	29	22	69	40
133	07/31/09	20	13	5	13
153	07/31/09	405	101	2555	1020
153	07/31/09	38	40	28	35
153	07/31/09	76	30	41	49
154	07/31/09	340	212	96	216
126	08/03/09	86	87	517	230
127	08/03/09	46	70	52	56
127	08/03/09	818	449	307	525
127	08/03/09	7	6	2	5
132	08/03/09	28	17	50	32
133	08/03/09	25	45	147	72
133	08/03/09	24	34	24	27
133	08/03/09	28	4	10	14
143	08/03/09	15	4	15	11
145	08/03/09	353	118	25	165
153	08/03/09	34	9	4	16
153	08/03/09	69	26	38	44
153	08/03/09	23	9	3	12
154	08/03/09	222	210	109	180
157	08/03/09	28	19	11	19
159	08/03/09	2	4	0	2
159	08/03/09	0	0	0	0
128	08/04/09	295	137	71	168
129	08/04/09	76	98	1085	420
129	08/04/09	2873	696	213	1261
129	08/04/09	34	39	37	37
131	08/04/09	42	14	40	32
131	08/04/09	19	14	9	14
131	08/04/09	13	19	44	25
134	08/04/09	1594	424	235	751
135	08/04/09	33	18	34	28
135	08/04/09	46	10	11	22
135	08/04/09	21	20	38	26
152	08/04/09	375	163	123	220
156	08/04/09	18	11	12	14
156	08/04/09	37	44	24	35
164	08/04/09	0	0	0	0
164	08/04/09	0	0	0	0
147A	08/04/09	14	9	3	9
147A	08/04/09	26	5	28	20
134	08/05/09	38	32	16	29
135	08/05/09	168	230	104	167
135	08/05/09	41	50	46	46
135	08/05/09	158	201	166	175
143	08/05/09	52	10	17	26
145	08/05/09	479	101	45	208
152	08/05/09	103	78	53	78
156	08/05/09	23	15	2	13
156	08/05/09	41	14	5	20
157	08/05/09	44	13	16	24
159	08/05/09	20	6	0	9
159	08/05/09	18	5	2	8
128	08/06/09	159	105	73	112
129	08/06/09	36	23	8	22
129	08/06/09	23	28	51	34
129	08/06/09	9	10	17	12
164	08/06/09	0	0	0	0
164	08/06/09	0	0	0	0
147A	08/06/09	5	4	5	5
147A	08/06/09	5	5	4	5
126	08/07/09	49	48	29	42
127	08/07/09	189	106	43	113
127	08/07/09	29	21	13	21
127	08/07/09	87	45	91	74
131	08/07/09	14	30	31	25
131	08/07/09	5	42	35	27
131	08/07/09	10	19	27	19
132	08/07/09	35	12	7	18
133	08/07/09	20	6	18	15
133	08/07/09	58	29	21	36
133	08/07/09	12	13	141	55
153	08/07/09	172	170	136	159
153	08/07/09	19	5	2	9
153	08/07/09	7	1	0	3
154	08/07/09	234	172	70	159
164	08/07/09	0	0	0	0
164	08/07/09	0	1	13	5
147A	08/07/09	17	5	3	8
147A	08/07/09	9	0	0	3
143	08/10/09	11	1	0	4
145	08/10/09	169	102	37	103
164	08/10/09	0	2	8	3
164	08/10/09	0	0	0	0
147A	08/10/09	6	32	81	40
147A	08/10/09	81	79	31	64
143	08/12/09	44	10	5	20
145	08/12/09	9	8	4	7
164	08/12/09	0	0	0	0
164	08/12/09	0	0	0	0
147A	08/12/09	30	10	3	14
147A	08/12/09	12	8	6	9
126	08/13/09	264	195	129	196
127	08/13/09	62	27	27	39
127	08/13/09	27	24	13	21
127	08/13/09	12	12	13	12
134	08/13/09	651	286	289	409
135	08/13/09	372	323	225	307
135	08/13/09	52	33	57	47
135	08/13/09	25	25	11	20
152	08/13/09	115	21	9	48
156	08/13/09	45	77	63	62
156	08/13/09	45	45	37	42
157	08/13/09	21	7	1	10
159	08/13/09	347	81	33	154
159	08/13/09	174	17	6	66
164	08/13/09	0	0	0	0
164	08/13/09	0	0	0	0
147A	08/13/09	26	24	34	28
147A	08/13/09	66	27	10	34
134	08/14/09	308	87	202	199
135	08/14/09	158	85	135	126
135	08/14/09	130	40	11	60
135	08/14/09	136	206	224	189
152	08/14/09	48	31	12	30
156	08/14/09	49	23	3	25
156	08/14/09	127	289	45	154
128	08/17/09	17	10	5	11
129	08/17/09	38	18	21	26
129	08/17/09	7	9	5	7
129	08/17/09	4	4	2	3
164	08/17/09	0	0	0	0
164	08/17/09	0	0	0	0
147A	08/17/09	65	46	22	44
147A	08/17/09	38	24	2	21
131	08/18/09	35	22	213	90
131	08/18/09	20	11	35	22
131	08/18/09	42	21	10	24
132	08/18/09	19	19	40	26
133	08/18/09	29	30	9	23
133	08/18/09	222	124	58	135
133	08/18/09	21	18	23	21
153	08/18/09	347	98	205	217
153	08/18/09	276	64	81	140
153	08/18/09	73	74	264	137
154	08/18/09	64	12	9	28
164	08/18/09	0	0	0	0
164	08/18/09	0	0	0	0
147A	08/18/09	58	59	7	41
147A	08/18/09	47	13	11	24
126	08/19/09	188	107	58	118
127	08/19/09	22	8	3	11
127	08/19/09	39	18	28	28
127	08/19/09	32	110	27	56
132	08/19/09	32	23	20	25
133	08/19/09	7	1	5	4
133	08/19/09	9	34	35	26
133	08/19/09	19	22	17	19
143	08/19/09	308	64	14	129
145	08/19/09	40	10	12	21
153	08/19/09	304	312	270	295
153	08/19/09	40	49	61	50
153	08/19/09	65	58	200	108
154	08/19/09	182	60	158	133
157	08/19/09	82	158	198	146
128	08/20/09	127	79	68	91
129	08/20/09	117	47	61	75
129	08/20/09	81	32	25	46
129	08/20/09	31	66	93	63
131	08/20/09	115	8	3	42
131	08/20/09	28	9	5	14
131	08/20/09	14	13	4	10
134	08/20/09	343	221	83	216
135	08/20/09	125	48	29	67
135	08/20/09	31	19	9	20
135	08/20/09	420	608	166	398
152	08/20/09	75	60	33	56
156	08/20/09	69	39	1	36
156	08/20/09	37	29	24	30
164	08/20/09	0	4	0	1
164	08/20/09	0	0	0	0
147A	08/20/09	16	1	0	6
147A	08/20/09	82	40	26	49
126	08/21/09	372	298	234	301
127	08/21/09	118	29	30	59
127	08/21/09	24	6	6	12
127	08/21/09	6	2	0	3
134	08/21/09	444	238	91	258
135	08/21/09	38	17	10	22
135	08/21/09	22	13	9	15
135	08/21/09	129	174	41	115
143	08/21/09	3	7	12	7
145	08/21/09	310	92	27	143
152	08/21/09	45	33	13	30
156	08/21/09	12	16	11	13
156	08/21/09	148	8	0	52
157	08/21/09	481	149	42	224
159	08/21/09	2	0	4	2
159	08/21/09	59	9	1	23
126	08/24/09	34	40	25	33
127	08/24/09	66	180	109	118
127	08/24/09	12	5	3	7
127	08/24/09	17	3	4	8
134	08/24/09	64	33	19	39
135	08/24/09	62	37	10	36
135	08/24/09	10	3	0	4
135	08/24/09	16	79	35	43
152	08/24/09	138	38	28	68
156	08/24/09	3	2	1	2
156	08/24/09	1	0	0	0
157	08/24/09	13	5	3	7
159	08/24/09	25	4	3	11
159	08/24/09	22	1	1	8
128	08/25/09	836	870	950	885
129	08/25/09	1085	677	632	798
129	08/25/09	330	386	391	369
129	08/25/09	878	804	628	770
159	08/25/09	153			153
164	08/25/09	0	0	0	0
164	08/25/09	0	0	0	0
147A	08/25/09	29	72	40	47
147A	08/25/09	87	43	12	47
131	08/26/09	40	17	13	23
131	08/26/09	25	49	51	42
131	08/26/09	16	8	8	11
132	08/26/09	245	53	71	123
133	08/26/09	2018	41	114	724
133	08/26/09	122	774	137	344
133	08/26/09	51	16	7	25
153	08/26/09	841	292	293	475
153	08/26/09	87	91	75	84
153	08/26/09	36	146	344	175
154	08/26/09	69	32	14	38
126	08/27/09	313	219	144	225
127	08/27/09	51	149	380	193
127	08/27/09	94	25	66	62
127	08/27/09	68	49	47	55
132	08/27/09	30	18	4	17
133	08/27/09	7	12	10	10
133	08/27/09	4	14	7	8
133	08/27/09	1	8	7	5
143	08/27/09	43	30	23	32
145	08/27/09	56	28	12	32
153	08/27/09	42	174	89	102
153	08/27/09	37	39	187	88
153	08/27/09	21	22	117	53
154	08/27/09	243	82	46	124
157	08/27/09	84	29	19	44
159	08/27/09	25	75	11	37
159	08/27/09	45	11	2	19
131	08/28/09	21	11	2	11
131	08/28/09	28	18	17	21
131	08/28/09	7	5	7	6
134	08/28/09	825	261	102	396
135	08/28/09	57	28	121	69
135	08/28/09	23	8	15	15
135	08/28/09	32	9	8	16
143	08/28/09	23	8	1	11
145	08/28/09	162	53	24	80
152	08/28/09	216	57	6	93
156	08/28/09	7	5	27	13
156	08/28/09	36	8	46	30
164	08/28/09	0	0	0	0
147A	08/28/09	71	118	70	86
126	08/31/09	62	34	28	41
127	08/31/09	29	114	64	69
127	08/31/09	16	10	3	10
127	08/31/09	6	3	2	4
134	08/31/09	2	1	2	2
135	08/31/09	27	17	27	24
135	08/31/09	4	8	6	6
135	08/31/09	15	43	22	27
143	08/31/09	227	93	1612	644
145	08/31/09	50	18	7	25
152	08/31/09	49	9	5	21
156	08/31/09	0	0	0	0
156	08/31/09	2	2	4	3
157	08/31/09	21	3	0	8
159	08/31/09	63	6	4	24
159	08/31/09	50	5	4	20
164	08/31/09	0	0	0	0
164	08/31/09	0	0	0	0
147A	08/31/09	95	40	15	50
147A	08/31/09	28	11	7	15
131	09/01/09	93	65	54	71
131	09/01/09	5	5	2	4
131	09/01/09	18	3	63	28
131	09/01/09	11			11
131	09/01/09	3			3
134	09/01/09	14	32	21	22
135	09/01/09	13	11	11	12
135	09/01/09	6	133	79	73
135	09/01/09	89	48	9	49
137	09/01/09	160			160
152	09/01/09	185	196	83	155
156	09/01/09	12	10	117	46
156	09/01/09	17	3	4	8
156	09/01/09	3			3
128	09/02/09	303	463	276	347
129	09/02/09	536	796	974	769
129	09/02/09	1987	1959	2008	1985
129	09/02/09	287	345	359	330
132	09/02/09	129	47	38	71
133	09/02/09	19	11	12	14
133	09/02/09	37	30	15	27
133	09/02/09	18	15	68	34
157	09/02/09	64	1	0	22
159	09/02/09	27	7	7	14
159	09/02/09	8	0	1	3
164	09/02/09	0	0	0	0
164	09/02/09	0	0	0	0
147A	09/02/09	5	4	1	3
147A	09/02/09	27	9	2	13
131	09/03/09	20	13	13	15
131	09/03/09	15	7	5	9
131	09/03/09	91	49	21	54
132	09/03/09	64	18	8	30
133	09/03/09	22	18	34	25
133	09/03/09	69	72	42	61
133	09/03/09	13	3	14	10
153	09/03/09	109	34	32	58
153	09/03/09	32	18	7	19
153	09/03/09	36	77	78	64
154	09/03/09	70	38	18	42
128	09/04/09	469	482	782	578
129	09/04/09	708	471	390	523
129	09/04/09	1575	1581	1606	1587
129	09/04/09	308	554	188	350
135	09/04/09	25			25
143	09/04/09	899	261	70	410
145	09/04/09	62	29	20	37
153	09/04/09	25	47	54	42
153	09/04/09	49	43	17	36
154	09/04/09	316	52	26	131
164	09/04/09	0	0	0	0
164	09/04/09	0	0	2	1
147A	09/04/09	44	22	14	27
147A	09/04/09	69	52	106	76
147A	09/04/09	274	245	140	220
147A	09/04/09	163	361	204	243
126	09/08/09	29	7	8	15
127	09/08/09	4	4	12	7
127	09/08/09	12	2	3	6
127	09/08/09	4	2	4	3
134	09/08/09	191	82	64	112
135	09/08/09	96	73	36	68
135	09/08/09	31	118	223	124
135	09/08/09	317	282	360	320
152	09/08/09	8	9	12	10
156	09/08/09	68	25	4	32
156	09/08/09	67	4	4	25
164	09/08/09	0	0	0	0
128	09/09/09	1005	649	366	673
129	09/09/09	205	177	198	193
129	09/09/09	1833	1538	762	1378
129	09/09/09	196	145	369	237
131	09/09/09	166	39	17	74
131	09/09/09	23	10	7	13
131	09/09/09	9	9	3	7
134	09/09/09	54	31	24	36
135	09/09/09	178	282	310	257
135	09/09/09	62	44	56	54
135	09/09/09	59	28	24	37
143	09/09/09	4163	1096	543	1934
145	09/09/09	418	171	115	235
152	09/09/09	178	82	143	134
156	09/09/09	127	3	20	50
156	09/09/09	63	61	57	60
157	09/09/09	234	32	24	97
159	09/09/09	169	20	6	65
159	09/09/09	192	36	4	77
147A	09/09/09	23	10	5	13
147A	09/09/09	346	84	68	166
131	09/10/09	41	30	242	104
131	09/10/09	7	22	25	18
131	09/10/09	20	91	59	57
132	09/10/09	201	111	34	115
133	09/10/09	8	13	18	13
133	09/10/09	36	34	36	35
133	09/10/09	44	21	14	26
157	09/10/09	51	17	0	23
159	09/10/09	35	7	3	15
159	09/10/09	34	19	4	19
164	09/10/09	0	0	0	0
164	09/10/09	0	0	0	0
147A	09/10/09	14	17	5	12
147A	09/10/09	15	9	33	19
128	09/11/09	51	29	24	35
129	09/11/09	172	114	63	116
129	09/11/09	256	157	49	154
129	09/11/09	99	301	116	172
129	09/11/09	294			294
132	09/11/09	73	130	35	79
133	09/11/09	18	13	14	15
133	09/11/09	25	41	42	36
133	09/11/09	14	14	9	12
143	09/11/09	0	2	1	1
145	09/11/09	89	27	39	52
154	09/11/09	209	113	329	217
128	09/14/09	48	44	39	44
129	09/14/09	212	242	335	263
129	09/14/09	336	337	396	356
129	09/14/09	116	185	121	141
143	09/14/09	2	0	29	10
145	09/14/09	94	122	44	87
153	09/14/09	26	7	0	11
153	09/14/09	15	2	2	6
153	09/14/09	10	3	1	5
154	09/14/09	109	61	57	76
164	09/14/09	0	0	0	0
164	09/14/09	0	1	0	0
165	09/14/09	0	0	0	0
147A	09/14/09	78	26	19	41
147A	09/14/09	37	12	4	18
126	09/15/09	8	7	14	10
127	09/15/09	10	18	69	32
127	09/15/09	5	21	1	9
127	09/15/09	19	19	13	17
134	09/15/09	29	109	54	64
135	09/15/09	119	59	64	81
135	09/15/09	43	28	35	35
135	09/15/09	37	44	59	47
143	09/15/09	787	193	70	350
145	09/15/09	517	551	726	598
152	09/15/09	26	42	3	24
156	09/15/09	46	188	67	100
156	09/15/09	15	5	41	20
126	09/16/09	144	77	60	94
127	09/16/09	45	33	39	39
127	09/16/09	42	24	42	36
127	09/16/09	36	27	17	27
131	09/16/09	54	64	123	80
131	09/16/09	25	22	10	19
131	09/16/09	7	7	4	6
134	09/16/09	10	4	16	10
135	09/16/09	40	48	117	68
135	09/16/09	139	44	26	70
135	09/16/09	98	42	28	56
152	09/16/09	92	36	59	62
156	09/16/09	53	37	39	43
156	09/16/09	0	0	0	0
157	09/16/09	28	62	3	31
159	09/16/09	139	37	13	63
159	09/16/09	33	11	37	27
164	09/16/09	0	0	0	0
164	09/16/09	11	5	4	7
147A	09/16/09	136	82	35	84
147A	09/16/09	3032	1432	603	1689
147A	09/16/09	13	5	10	9
147A	09/16/09	25	34	19	26
128	09/17/09	592	326	215	378
129	09/17/09	719	903	967	863
129	09/17/09	1657	1504	1456	1539
129	09/17/09	1654	1661	2084	1800
132	09/17/09	99	58	107	88
133	09/17/09	30	18	38	29
133	09/17/09	69	29	43	47
133	09/17/09	101	47	32	60
157	09/17/09	204	37	24	88
159	09/17/09	57	12	8	26
159	09/17/09	24	1	0	8
164	09/17/09	94	60	38	64
164	09/17/09	0	0	0	0
147A	09/17/09	518	313	101	311
147A	09/17/09	85	71	56	71
126	09/18/09	15	6	5	9
127	09/18/09	63	19	31	38
127	09/18/09	27	17	60	35
127	09/18/09	13	9	14	12
131	09/18/09	73	44	30	49
131	09/18/09	39	42	24	35
131	09/18/09	20	31	66	39
132	09/18/09	64	56	41	54
133	09/18/09	41	59	35	45
133	09/18/09	78	28	14	40
133	09/18/09	87	98	108	98
153	09/18/09	160	61	33	85
153	09/18/09	12	9	5	9
153	09/18/09	271	223	209	234
154	09/18/09	30	27	10	22
132	09/21/09	47	29	55	44
133	09/21/09	15	8	2	8
133	09/21/09	17	13	42	24
133	09/21/09	21	16	16	18
152	09/21/09	160	55	9	75
153	09/21/09	36	8	5	16
153	09/21/09	13	11	7	10
153	09/21/09	14	2	6	7
153	09/21/09	71	146	104	107
153	09/21/09	89	65	54	69
153	09/21/09	27	31	45	34
154	09/21/09	107	88	52	82
156	09/21/09	6	0	3	3
156	09/21/09	10	23	0	11
164	09/21/09	0	0	0	0
164	09/21/09	0	0	0	0
147A	09/21/09	71	29	20	40
147A	09/21/09	28	6	1	12
128	09/22/09	95	78	117	97
129	09/22/09	57	28	41	42
129	09/22/09	258	132	91	160
129	09/22/09	267	257	113	212
143	09/22/09	225	59	9	98
145	09/22/09	604	229	121	318
153	09/22/09	47	55	16	39
153	09/22/09	9	13	13	12
153	09/22/09	66	23	60	50
154	09/22/09	48	6	1	18
126	09/23/09	145	105	89	113
127	09/23/09	30	6	7	14
127	09/23/09	25	14	13	17
127	09/23/09	51	24	7	27
131	09/23/09	78	39	35	51
131	09/23/09	11	6	3	7
131	09/23/09	1	2	2	2
134	09/23/09	231	337	255	274
135	09/23/09	1585	1810	1190	1528
135	09/23/09	231	271	363	288
135	09/23/09	738	599	458	598
143	09/23/09	0	0	0	0
145	09/23/09	160	57	12	76
153	09/23/09	29	14	31	25
153	09/23/09	48	42	24	38
153	09/23/09	38	112	141	97
154	09/23/09	42	40	11	31
131	09/24/09	16	5	20	14
131	09/24/09	34	137	11	61
131	09/24/09	54	13	11	26
134	09/24/09	282	150	111	181
135	09/24/09	14	55	18	29
135	09/24/09	14	19	4	12
135	09/24/09	155	76	45	92
152	09/24/09	63	28	16	36
156	09/24/09	61	98	71	77
156	09/24/09	28	32	22	27
157	09/24/09	235	18	22	92
159	09/24/09	104	120	50	91
159	09/24/09	13	3	3	6
147A	09/24/09	213	159	104	159
147A	09/24/09	88	65	54	69
159	09/25/09	29			29
164	09/25/09	1	0	0	0
164	09/25/09	0	0	0	0
147A	09/25/09	4	4	0	3
147A	09/25/09	13	7	2	7
147B	09/25/09	1097			1097
128	09/28/09	68	39	30	46
129	09/28/09	208	118	93	140
129	09/28/09	137	80	106	108
129	09/28/09	185	105	53	114
132	09/28/09	126	39	48	71
133	09/28/09	31	15	1	16
133	09/28/09	44	111	95	83
133	09/28/09	69	26	5	33
157	09/28/09	40	0	5	15
159	09/28/09	57	25	4	29
159	09/28/09	0	0	1	0
164	09/28/09	0	0	0	0
164	09/28/09	0	0	0	0
147A	09/28/09	24	3	9	12
147A	09/28/09	19	8	2	10
164	09/29/09	62	11	6	26
164	09/29/09	1	0	0	0
147A	09/29/09	381	175	104	220
147A	09/29/09	94	97	48	80
126	09/30/09	1993	1451	885	1443
127	09/30/09	1988	1632	2247	1956
127	09/30/09	1827	972	578	1126
127	09/30/09	1375	1409	388	1057
128	09/30/09	456	313	213	327
129	09/30/09	334	164	195	231
129	09/30/09	576	270	355	400
129	09/30/09	247	107	248	201
153	09/30/09	61	42	17	40
153	09/30/09	56	30	116	67
153	09/30/09	63	25	6	31
154	09/30/09	211	50	17	93
164	09/30/09	0	0	0	0
164	09/30/09	0	0	0	0
147A	09/30/09	137	58	21	72
147A	09/30/09	48	49	37	45
126	10/01/09	2289	1645	1475	1803
127	10/01/09	544	398	319	420
127	10/01/09	870	441	271	527
127	10/01/09	205	416	523	381
131	10/01/09	17	177	59	84
131	10/01/09	17	16	9	14
131	10/01/09	3	1	0	1
134	10/01/09	90	45	84	73
135	10/01/09	728	702	480	637
135	10/01/09	312	273	387	324
135	10/01/09	136	138	271	182
143	10/01/09	15	3	0	6
145	10/01/09	25	41	19	28
153	10/01/09	378	143	55	192
153	10/01/09	88	54	326	156
153	10/01/09	1419	305	465	730
154	10/01/09	120	108	92	107
164	10/01/09	0	0	0	0
164	10/01/09	0	0	0	0
147A	10/01/09	48	12	9	23
147A	10/01/09	40	14	7	20
126	10/02/09	228	152	99	160
127	10/02/09	312	68	242	207
127	10/02/09	223	123	270	205
127	10/02/09	976	214	118	436
131	10/02/09	31	27	13	24
131	10/02/09	776	7	26	270
131	10/02/09	11	1	4	5
132	10/02/09	141	125	81	116
133	10/02/09	55	79	35	56
133	10/02/09	23	14	7	15
133	10/02/09	50	21	12	28
134	10/02/09	73	71	28	57
135	10/02/09	32	30	83	48
135	10/02/09	19	27	56	34
135	10/02/09	18	43	116	59
143	10/02/09	35	10	20	22
145	10/02/09	204	117	49	123
157	10/02/09	84	6	6	32
159	10/02/09	108	256	114	159
152	10/03/09	202	174	133	170
156	10/03/09	78	224	31	111
156	10/03/09	135	40	15	63
126	10/05/09	523	410	280	404
127	10/05/09	690	137	185	337
127	10/05/09	111	32	16	53
127	10/05/09	17	11	7	12
134	10/05/09	17	3	14	11
135	10/05/09	509	593	532	545
135	10/05/09	262	263	179	235
135	10/05/09	145	155	148	149
152	10/05/09	155	49	27	77
156	10/05/09	69	15	1	28
156	10/05/09	5	0	0	2
157	10/05/09	54	0	1	18
159	10/05/09	597	144	4	248
159	10/05/09	33	10	0	14
128	10/06/09	17	15	35	22
129	10/06/09	243	264	240	249
129	10/06/09	123	50	55	76
129	10/06/09	90	118	155	121
132	10/06/09	93	138	126	119
133	10/06/09	262	222	193	226
133	10/06/09	78	28	16	41
133	10/06/09	124	82	108	105
157	10/06/09	842	526	231	533
159	10/06/09	296	358	57	237
159	10/06/09	221	30	6	86
132	10/07/09	179	122	62	121
133	10/07/09	119	144	48	104
133	10/07/09	36	29	82	49
133	10/07/09	20	29	64	38
152	10/07/09	171	72	35	93
156	10/07/09	88	383	49	173
156	10/07/09	186	182	179	182
164	10/07/09	0	0	6	2
164	10/07/09	0	0	0	0
147A	10/07/09	140	50	17	69
147A	10/07/09	141	77	38	85
128	10/08/09	301	253	146	233
129	10/08/09	700	402	304	469
129	10/08/09	454	1971	1935	1453
129	10/08/09	2569	2186	1753	2169
131	10/08/09	50	12	11	24
131	10/08/09	54	1226	105	462
131	10/08/09	30	39	340	136
143	10/08/09	101	23	11	45
145	10/08/09	48	22	25	32
153	10/08/09	65	142	113	107
153	10/08/09	97	68	8	58
153	10/08/09	24	29	21	25
154	10/08/09	569	73	90	244
131	10/09/09	16	13	3	11
131	10/09/09	9	72	48	43
131	10/09/09	4	3	25	11
134	10/09/09	191	130	75	132
135	10/09/09	44	132	18	65
135	10/09/09	7	14	5	9
135	10/09/09	3	13	3	6
143	10/09/09	161	45	8	71
145	10/09/09	31	46	6	28
153	10/09/09	50	178	74	101
153	10/09/09	14	6	13	11
153	10/09/09	13	67	72	51
154	10/09/09	220	193	172	195
164	10/09/09	0	1	0	0
164	10/09/09	5	0	0	2
147A	10/09/09	15	5	4	8
147A	10/09/09	394	225	132	250
126	10/12/09	216	122	85	141
127	10/12/09	46	11	3	20
127	10/12/09	10	5	0	5
127	10/12/09	1	1	0	1
131	10/12/09	20	11	22	18
131	10/12/09	43	19	22	28
131	10/12/09	9	38	106	51
134	10/12/09	59	38	30	42
135	10/12/09	29	29	74	44
135	10/12/09	17	19	13	16
135	10/12/09	11	15	26	17
153	10/12/09	108	37	26	57
153	10/12/09	11	3	15	10
153	10/12/09	14	99	104	72
154	10/12/09	153	97	76	109
126	10/13/09	156	66	412	211
127	10/13/09	88	96	78	87
127	10/13/09	125	25	27	59
127	10/13/09	18	12	23	18
134	10/13/09	305	315	211	277
135	10/13/09	228	184	221	211
135	10/13/09	232	490	341	354
135	10/13/09	279	257	233	256
152	10/13/09	82	104	53	80
156	10/13/09	28	2	0	10
156	10/13/09	10	57	54	40
157	10/13/09	267	150	84	167
159	10/13/09	59	27	73	53
159	10/13/09	75	70	205	117
128	10/14/09	1954	1610	1582	1715
129	10/14/09	4585	4220	4138	4314
129	10/14/09	4316	4204	4884	4468
129	10/14/09	5060	4605	4715	4793
132	10/14/09	45	85	37	56
133	10/14/09	126	63	83	91
133	10/14/09	164	101	144	136
133	10/14/09	133	58	35	75
143	10/14/09	10	4	2	5
145	10/14/09	663	248	86	332
157	10/14/09	166	115	95	125
159	10/14/09	43	113	19	58
159	10/14/09	178	19	8	68
132	10/15/09	14	15	13	14
133	10/15/09	33	31	19	28
133	10/15/09	38	38	34	37
133	10/15/09	25	12	20	19
152	10/15/09	260	33	17	103
156	10/15/09	19	350	12	127
156	10/15/09	13	1	2	5
164	10/15/09	8	0	1	3
164	10/15/09	0	0	0	0
147A	10/15/09	145	140	132	139
147A	10/15/09	179	171	153	168
128	10/16/09	105	41	21	56
129	10/16/09	113	158	127	133
129	10/16/09	107	222	71	133
129	10/16/09	137	65	151	118
131	10/16/09	134	64	37	78
131	10/16/09	56	16	15	29
131	10/16/09	23	7	18	16
143	10/16/09	424	537	226	396
145	10/16/09	190	71	37	99
153	10/16/09	207	118	174	166
153	10/16/09	24	24	24	24
153	10/16/09	27	16	28	24
154	10/16/09	259	157	128	181
128	10/19/09	159	126	95	127
129	10/19/09	832	982	889	901
129	10/19/09	2057	2786	1789	2211
129	10/19/09	386	394	495	425
131	10/19/09	38	8	12	19
131	10/19/09	2	16	31	16
131	10/19/09	1	0	0	0
153	10/19/09	266	87	26	126
153	10/19/09	82	108	143	111
153	10/19/09	55	41	9	35
154	10/19/09	301	123	118	181
126	10/20/09	402	154	257	271
127	10/20/09	113	88	60	87
127	10/20/09	11	9	4	8
127	10/20/09	40	38	52	43
131	10/20/09	98	133	58	96
131	10/20/09	119	113	76	103
131	10/20/09	305	133	118	185
134	10/20/09	161	73	150	128
135	10/20/09	255	280	489	341
135	10/20/09	66	157	81	101
135	10/20/09	73	55	67	65
143	10/20/09	185	53	60	99
145	10/20/09	82	21	13	39
153	10/20/09	282	145	172	200
153	10/20/09	43	105	33	60
153	10/20/09	21	34	103	53
154	10/20/09	212	88	39	113
164	10/20/09	0	1	0	0
164	10/20/09	0	0	0	0
147A	10/20/09	701	315	165	394
147A	10/20/09	32	16	8	19
126	10/21/09	331	139	146	205
127	10/21/09	227	234	178	213
127	10/21/09	187	67	84	113
127	10/21/09	112	50	25	62
134	10/21/09	150	204	179	178
135	10/21/09	149	97	93	113
135	10/21/09	209	304	174	229
135	10/21/09	149	173	243	188
143	10/21/09	79	13	4	32
145	10/21/09	151	101	37	96
152	10/21/09	12	2	1	5
156	10/21/09	36	16	18	23
156	10/21/09	149	85	70	101
157	10/21/09	243	195	9	149
159	10/21/09	31	40	95	55
159	10/21/09	75	38	63	59
164	10/21/09	0	0	0	0
164	10/21/09	0	0	0	0
147A	10/21/09	136	73	39	83
147A	10/21/09	3	4	0	2
132	10/22/09	284	165	119	189
133	10/22/09	41	65	24	43
133	10/22/09	193	136	132	154
133	10/22/09	60	91	131	94
152	10/22/09	308	126	49	161
156	10/22/09	128	96	51	92
156	10/22/09	92	134	156	127
157	10/22/09	27	14	18	20
159	10/22/09	55	15	5	25
159	10/22/09	17	2	2	7
126	10/23/09	950	681	580	737
127	10/23/09	1120	465	398	661
127	10/23/09	681	571	352	535
127	10/23/09	78	47	40	55
128	10/23/09	401	239	186	275
129	10/23/09	403	296	239	313
129	10/23/09	372	458	300	377
129	10/23/09	234	296	240	257
132	10/23/09	96	45	24	55
133	10/23/09	2	2	21	8
133	10/23/09	42	34	19	32
133	10/23/09	30	21	98	50
132	10/26/09	60	31	12	34
133	10/26/09	47	35	77	53
133	10/26/09	439	336	55	277
133	10/26/09	155	58	31	81
152	10/26/09	71	30	15	39
156	10/26/09	80	26	16	41
156	10/26/09	8	1	1	3
164	10/26/09	0	0	0	0
164	10/26/09	0	0	0	0
147A	10/26/09	149	78	52	93
147A	10/26/09	29	17	6	17
128	10/27/09	177	112	122	137
129	10/27/09	473	581	511	522
129	10/27/09	127	207	279	204
129	10/27/09	891	1241	1095	1076
131	10/27/09	144	98	164	135
131	10/27/09	8	10	17	12
131	10/27/09	5	6	7	6
143	10/27/09	2	56	0	19
145	10/27/09	102	107	64	91
153	10/27/09	75	79	38	64
153	10/27/09	34	49	44	42
153	10/27/09	18	14	27	20
154	10/27/09	55	87	27	56
164	10/27/09	0	0	0	0
164	10/27/09	0	0	0	0
147A	10/27/09	5	4	2	4
147A	10/27/09	30	13	14	19
131	10/28/09	175	10	149	111
131	10/28/09	30	15	27	24
131	10/28/09	21	7	5	11
134	10/28/09	79	40	31	50
135	10/28/09	111	132	87	110
135	10/28/09	38	52	17	36
135	10/28/09	38	31	27	32
152	10/28/09	183	140	68	130
156	10/28/09	189	33	26	83
156	10/28/09	303	90	83	159
143	10/29/09	339	251	60	217
145	10/29/09	85	76	173	111
126	10/30/09	186	114	160	153
127	10/30/09	451	122	71	215
127	10/30/09	353	140	146	213
127	10/30/09	112	106	88	102
128	10/30/09	146	49	32	76
129	10/30/09	219	129	84	144
129	10/30/09	988	123	91	401
129	10/30/09	321	352	241	305
132	10/30/09	131	130	98	120
133	10/30/09	22	72	14	36
133	10/30/09	15	38	18	24
133	10/30/09	0	4	7	4
157	10/30/09	125	22	7	51
159	10/30/09	0	1	1	1
159	10/30/09	29	24	2	18
126	11/02/09	130	85	66	94
127	11/02/09	121	69	854	348
127	11/02/09	84	38	20	47
127	11/02/09	12	5	3	7
132	11/02/09	15	14	7	12
133	11/02/09	916	619	398	644
133	11/02/09	2603	2563	3188	2785
133	11/02/09	1701	1729	1577	1669
157	11/02/09	1	0	4	2
159	11/02/09	18	5	2	8
159	11/02/09	28	12	4	15
128	11/03/09	369	233	187	263
129	11/03/09	577	823	857	752
129	11/03/09	1008	938	1091	1012
129	11/03/09	1260	2665	2240	2055
130	11/03/09	166	77	29	91
131	11/03/09	12	16	38	22
131	11/03/09	22	20	18	20
131	11/03/09	0	0	0	0
153	11/03/09	52	49	74	58
153	11/03/09	22	7	7	12
153	11/03/09	17	28	19	21
154	11/03/09	132	72	149	118
164	11/03/09	0	0	0	0
164	11/03/09	0	0	0	0
165	11/03/09	0	1	122	41
147A	11/03/09	133	134	84	117
147A	11/03/09	167	59	35	87
131	11/04/09	333	125	223	227
131	11/04/09	19	11	7	12
131	11/04/09	27	16	35	26
152	11/04/09	144	95	49	96
156	11/04/09	26	11	7	15
156	11/04/09	14	55	76	48
164	11/04/09	0	0	0	0
164	11/04/09	0	0	0	0
147A	11/04/09	52	75	96	74
147A	11/04/09	63	83	10	52
132	11/05/09	48	47	42	46
133	11/05/09	9	7	9	8
133	11/05/09	14	24	8	15
133	11/05/09	48	67	86	67
134	11/05/09	455	197	140	264
135	11/05/09	495	527	225	416
135	11/05/09	201	592	212	335
135	11/05/09	186	133	312	210
143	11/05/09	34	13	8	18
145	11/05/09	245	217	73	178
152	11/05/09	220	67	38	108
156	11/05/09	47	2760	266	1024
156	11/05/09	49	26	5	27
164	11/05/09	0	0	0	0
164	11/05/09	0	0	0	0
147A	11/05/09	148	206	193	182
147A	11/05/09	116	137	93	115
128	11/06/09	323	265	231	273
129	11/06/09	281	390	553	408
129	11/06/09	623	534	426	528
129	11/06/09	770	526	485	594
134	11/06/09	217	131	61	136
135	11/06/09	62	62	96	73
135	11/06/09	16	13	9	13
135	11/06/09	14	16	137	56
143	11/06/09	118	24	9	50
145	11/06/09	25	19	13	19
153	11/06/09	48	26	6	27
153	11/06/09	91	189	95	125
153	11/06/09	21	30	108	53
154	11/06/09	403	182	112	232
157	11/06/09	190	113	13	105
159	11/06/09	73	0	0	24
159	11/06/09	15	7	176	66
165	11/06/09	0	0	0	0
128	11/09/09	46	35	12	31
129	11/09/09	87	31	28	49
129	11/09/09	87	50	23	53
129	11/09/09	12	23	17	17
157	11/09/09	13	15	7	12
159	11/09/09	6	1	3	3
159	11/09/09	16	7	3	9
132	11/10/09	37	49	39	42
133	11/10/09	182	59	35	92
133	11/10/09	61	131	60	84
133	11/10/09	60	42	37	46
143	11/10/09	307	87	15	136
145	11/10/09	243	130	112	162
157	11/10/09	45	20	12	26
159	11/10/09	36	17	8	20
159	11/10/09	39	9	44	31
126	11/11/09	272	218	146	212
127	11/11/09	25	9	1	12
127	11/11/09	189	65	55	103
127	11/11/09	38	9	8	18
143	11/11/09	936	287	60	428
145	11/11/09	456	263	157	292
152	11/11/09	171	66	53	97
156	11/11/09	17	40	41	33
156	11/11/09	18	1	3	7
126	11/12/09	292	127	74	164
127	11/12/09	89	75	61	75
127	11/12/09	2	2	0	1
127	11/12/09	3	8	3	5
132	11/12/09	138	157	136	144
133	11/12/09	37	675	1674	795
133	11/12/09	2311	2043	2029	2128
133	11/12/09	27	18	24	23
153	11/12/09	66	385	85	179
153	11/12/09	81	42	50	58
153	11/12/09	154	53	42	83
154	11/12/09	28	11	10	16
164	11/12/09	1	0	1	1
165	11/12/09	0	0	0	0
147A	11/12/09	16	9	1	9
128	11/13/09	188	126	83	132
129	11/13/09	484	578	374	479
129	11/13/09	488	278	126	297
129	11/13/09	287	560	303	383
134	11/13/09	309	109	111	176
135	11/13/09	9	15	14	13
135	11/13/09	14	7	8	10
135	11/13/09	6	15	12	11
152	11/13/09	221	151	130	167
156	11/13/09	33	23	14	23
156	11/13/09	10	2	44	19
164	11/13/09	0	0	0	0
147A	11/13/09	19	36	19	25
126	11/16/09	100	60	60	73
127	11/16/09	63	28	35	42
127	11/16/09	51	31	14	32
127	11/16/09	9	7	4	7
132	11/16/09	35	35	23	31
133	11/16/09	401	122	42	188
133	11/16/09	126	11	5	47
133	11/16/09	16	13	10	13
134	11/16/09	22	6	21	16
135	11/16/09	62	44	37	48
135	11/16/09	53	33	22	36
135	11/16/09	49	121	55	75
152	11/16/09	48	19	42	36
156	11/16/09	5	0	1	2
156	11/16/09	0	25	2	9
128	11/17/09	357	252	147	252
129	11/17/09	528	608	395	510
129	11/17/09	1119	1023	930	1024
129	11/17/09	524	813	1061	799
130	11/17/09	45	21	6	24
131	11/17/09	303	22	101	142
131	11/17/09	13	1	42	19
131	11/17/09	43	18	7	23
134	11/17/09	53	23	20	32
135	11/17/09	125	159	108	131
135	11/17/09	177	53	54	95
135	11/17/09	53	88	88	76
143	11/17/09	73	24	1	33
145	11/17/09	243	111	59	138
157	11/17/09	43	23	7	24
159	11/17/09	2	0	0	1
159	11/17/09	220	25	13	86
130	11/18/09	189	78	44	104
131	11/18/09	207	52	100	120
131	11/18/09	186	154	130	157
131	11/18/09	45	189	9	81
132	11/18/09	217	55	59	110
133	11/18/09	235	157	134	175
133	11/18/09	116	204	177	166
133	11/18/09	162	169	96	142
143	11/18/09	323	23	30	125
145	11/18/09	54	20	2	25
153	11/18/09	375	232	123	243
153	11/18/09	71	47	36	51
153	11/18/09	122	170	100	131
154	11/18/09	49	25	25	33
157	11/18/09	15	7	1	8
159	11/18/09	6	0	0	2
159	11/18/09	11	3	22	12
164	11/18/09	0	0	0	0
164	11/18/09	0	0	0	0
165	11/18/09	0	0	0	0
147A	11/18/09	198	78	123	133
147A	11/18/09	199	147	160	169
126	11/19/09	376	283	194	284
127	11/19/09	144	23	7	58
127	11/19/09	82	56	20	53
127	11/19/09	75	36	49	53
152	11/19/09	368	130	35	178
156	11/19/09	238	97	108	148
156	11/19/09	14	6	4	8
164	11/19/09	0	0	0	0
164	11/19/09	0	0	0	0
147A	11/19/09	23	12	10	15
147A	11/19/09	321	127	103	184
128	11/20/09	361	282	317	320
129	11/20/09	750	1481	887	1039
129	11/20/09	1714	1461	2314	1830
129	11/20/09	440	527	622	530
153	11/20/09	1180	1004	186	790
153	11/20/09	24	32	51	36
153	11/20/09	16	6	9	10
154	11/20/09	50	16	14	27
164	11/20/09	0	0	0	0
164	11/20/09	0	0	0	0
147A	11/20/09	65	44	84	64
147A	11/20/09	5	4	2	4
143	11/23/09	32	16	2	17
145	11/23/09	548	383	378	436
152	11/23/09	109	36	24	56
153	11/23/09	111	27	32	57
153	11/23/09	26	10	7	14
153	11/23/09	9	4	11	8
154	11/23/09	252	132	153	179
156	11/23/09	1	0	0	0
156	11/23/09	0	0	0	0
164	11/23/09	0	0	0	0
165	11/23/09	0	0	0	0
126	11/24/09	242	223	161	209
127	11/24/09	26	18	6	17
127	11/24/09	23	7	13	14
127	11/24/09	38	8	43	30
132	11/24/09	55	38	4	32
133	11/24/09	33	33	17	28
133	11/24/09	36	73	134	81
133	11/24/09	33	235	125	131
134	11/24/09	246	139	103	163
135	11/24/09	34	155	22	70
135	11/24/09	49	15	13	26
135	11/24/09	44	70	180	98
147A	11/24/09	184	102	115	134
128	11/25/09	205	62	25	97
129	11/25/09	15	16	16	16
129	11/25/09	7	5	4	5
129	11/25/09	13	3	3	6
130	11/25/09	53	44	24	40
131	11/25/09	107	19	8	45
131	11/25/09	45	9	2	19
131	11/25/09	419	31	386	279
143	11/25/09	6	0	0	2
145	11/25/09	80	282	709	357
157	11/25/09	24	14	16	18
159	11/25/09	0	2	10	4
159	11/25/09	11	1	0	4
126	11/30/09	73	24	26	41
127	11/30/09	31	10	21	21
127	11/30/09	54	20	8	27
127	11/30/09	26	9	2	12
131	11/30/09	6			6
131	11/30/09	42			42
131	11/30/09	26	22	5	18
131	11/30/09	10	7	10	9
131	11/30/09	6	9	2	6
132	11/30/09	1	0	0	0
133	11/30/09	4	1	7	4
133	11/30/09	31	12	5	16
133	11/30/09	2	5	4	4
135	11/30/09	44			44
157	11/30/09	24	10	1	12
159	11/30/09	7	0	0	2
159	11/30/09	9	14	4	9
132	12/01/09	217	137	64	139
133	12/01/09	12	12	19	14
133	12/01/09	43	49	24	39
133	12/01/09	54	26	31	37
141	12/01/09	5			5
141	12/01/09	6			6
141	12/01/09	0			0
152	12/01/09	186	1099	123	469
156	12/01/09	6			6
156	12/01/09	164	43	22	76
156	12/01/09	7	5	0	4
159	12/01/09	149			149
128	12/02/09	221	196	138	185
129	12/02/09	168	122	103	131
129	12/02/09	2295	1917	1450	1887
129	12/02/09	181	164	103	149
130	12/02/09	152	19	29	67
131	12/02/09	74	40	314	143
131	12/02/09	14	45	25	28
131	12/02/09	22	14	7	14
143	12/02/09	2	0	0	1
145	12/02/09	261	95	25	127
153	12/02/09	107	86	58	84
153	12/02/09	120	60	64	81
153	12/02/09	61	57	50	56
154	12/02/09	347	106	150	201
164	12/02/09	0	0	0	0
164	12/02/09	0	0	0	0
147A	12/02/09	18	13	35	22
147A	12/02/09	166	219	138	174
130	12/03/09	143	35	15	64
131	12/03/09	68	94	84	82
131	12/03/09	41	89	264	131
134	12/03/09	67	34	18	40
135	12/03/09	44	40	93	59
135	12/03/09	58	37	72	56
135	12/03/09	16	8	36	20
153	12/03/09	57	90	56	68
153	12/03/09	42	61	241	115
153	12/03/09	3	2	4	3
154	12/03/09	530	124	172	275
147A	12/03/09	34	61	82	59
128	12/04/09	125	169	173	156
129	12/04/09	842	409	286	512
129	12/04/09	1451	823	616	963
129	12/04/09	183	107	109	133
129	12/04/09	52			52
134	12/04/09	162	94	47	101
135	12/04/09	22	11	35	23
135	12/04/09	36	31	22	30
135	12/04/09	95	21	17	44
137	12/04/09	29			29
143	12/04/09	15	16	135	55
145	12/04/09	25	5	23	18
152	12/04/09	246	37	17	100
156	12/04/09	23	13	22	19
156	12/04/09	3	8	43	18
157	12/04/09	12	59	19	30
159	12/04/09	299	110	2	137
159	12/04/09	0	0	45	15
164	12/04/09	0	0	0	0
165	12/04/09	0	0	0	0
128	12/07/09	535	63	30	209
129	12/07/09	36	258	39	111
129	12/07/09	81	60	34	58
129	12/07/09	15	343	525	294
134	12/07/09	48	21	24	31
135	12/07/09	42	25	4	24
135	12/07/09	7	6	3	5
135	12/07/09	16	5	2	8
157	12/07/09	127	27	49	68
159	12/07/09	9	4	3	5
159	12/07/09	35	9	5	16
164	12/07/09	0	0	0	0
165	12/07/09	0	0	0	0
130	12/09/09	47	39	17	34
131	12/09/09	9	9	27	15
131	12/09/09	44	459	79	194
131	12/09/09	44	28	47	40
143	12/09/09	78	14	4	32
145	12/09/09	205	83	47	112
152	12/09/09	104	67	149	107
156	12/09/09	37	75	32	48
156	12/09/09	16	77	44	46
159	12/09/09	5			5
126	12/10/09	234	119	272	208
127	12/10/09	87	9	43	46
127	12/10/09	36	17	21	25
127	12/10/09	4	4	5	4
128	12/10/09	216	113	93	141
129	12/10/09	472	297	190	320
129	12/10/09	131	116	66	104
129	12/10/09	177	227	91	165
132	12/10/09	222	82	122	142
133	12/10/09	152	46	20	73
133	12/10/09	34	15	15	21
133	12/10/09	35	15	24	25
153	12/10/09	60	268	81	136
153	12/10/09	46	28	34	36
153	12/10/09	161	75	49	95
154	12/10/09	16	14	9	13
130	12/11/09	69	14	10	31
131	12/11/09	25	27	49	34
131	12/11/09	6	2	3	4
131	12/11/09	4	10	3	6
134	12/11/09	68	38	64	57
135	12/11/09	16	22	5	14
135	12/11/09	36	17	93	49
135	12/11/09	22	16	2	13
143	12/11/09	4687	6242	2588	4506
145	12/11/09	86	65	41	64
152	12/11/09	152	50	23	75
156	12/11/09	6	0	0	2
156	12/11/09	1	2	0	1
164	12/11/09	0	0	0	0
164	12/11/09	0	0	0	0
165	12/11/09	1	0	0	0
165	12/11/09	0	0	0	0
147A	12/11/09	16	10	1	9
147A	12/11/09	387	224	117	243
130	12/14/09	159	75	72	102
131	12/14/09	281	194	109	195
131	12/14/09	134	62	47	81
131	12/14/09	251	245	129	208
134	12/14/09	302	183	128	204
135	12/14/09	28	3	59	30
135	12/14/09	40	18	28	29
135	12/14/09	21	20	7	16
152	12/14/09	489	128	65	227
156	12/14/09	12	12	50	25
156	12/14/09	424	259	228	304
147A	12/14/09	93	113	92	99
147A	12/14/09	152	92	29	91
128	12/15/09	185	130	69	128
129	12/15/09	222	125	107	151
129	12/15/09	101	48	20	56
129	12/15/09	96	10	12	39
134	12/15/09	128	49	32	70
135	12/15/09	48	243	218	170
135	12/15/09	32	37	22	30
135	12/15/09	127	42	29	66
143	12/15/09	119	35	43	66
145	12/15/09	280	158	38	159
157	12/15/09	110	11	1	41
159	12/15/09	1	2	2	2
159	12/15/09	5	2	0	2
132	12/16/09	39	81	51	57
133	12/16/09	16	55	11	27
133	12/16/09	610	571	373	518
133	12/16/09	149	49	19	72
153	12/16/09	55	18	8	27
153	12/16/09	42	11	6	20
153	12/16/09	25	28	33	29
154	12/16/09	224	181	45	150
157	12/16/09	33	16	88	46
159	12/16/09	173	15	4	64
159	12/16/09	1	0	0	0
165	12/16/09	0	0	1	0
165	12/16/09	0	0	0	0
147A	12/16/09	61	26	15	34
147A	12/16/09	28	27	32	29
143	12/17/09	5	0	0	2
145	12/17/09	29	10	4	14
128	12/18/09	454	359	193	335
129	12/18/09	906	804	791	834
129	12/18/09	4767	5362	3221	4450
129	12/18/09	2741	2811	2907	2820
132	12/18/09	343	165	133	214
133	12/18/09	71	59	300	143
133	12/18/09	300	168	104	191
133	12/18/09	36	79	71	62
153	12/18/09	99	84	32	72
153	12/18/09	12	16	22	17
153	12/18/09	17	64	34	38
154	12/18/09	144	66	44	85
164	12/18/09	279	52	49	127
165	12/18/09	0	0	0	0
132	12/21/09	20	72	17	36
133	12/21/09	64	93	52	70
133	12/21/09	96	21	3	40
133	12/21/09	14	190	111	105
143	12/21/09	75	118	144	112
145	12/21/09	147	33	26	69
126	12/22/09	400	311	196	302
127	12/22/09	7	1	2	3
127	12/22/09	1	2	0	1
127	12/22/09	31	19	17	22
130	12/22/09	83	48	17	49
131	12/22/09	22	13	16	17
131	12/22/09	172	498	492	387
131	12/22/09	171	28	24	74
134	12/22/09	30	24	22	25
135	12/22/09	18	11	11	13
135	12/22/09	28	33	17	26
135	12/22/09	20	20	12	17
143	12/22/09	1143	107	21	424
145	12/22/09	113	89	176	126
164	12/22/09	0	0	0	0
165	12/22/09	0	0	0	0
128	12/23/09	98	135	65	99
129	12/23/09	40	224	70	111
129	12/23/09	149	110	369	209
129	12/23/09	88	186	272	182
157	12/23/09	95	122	48	88
159	12/23/09	29	144	10	61
159	12/23/09	30	1	10	14
126	12/29/09	125	49	63	79
127	12/29/09	37	63	999	366
127	12/29/09	14	5	2	7
127	12/29/09	0	1	1	1
128	12/29/09	194	103	51	116
129	12/29/09	53	45	23	40
129	12/29/09	23	16	5	15
129	12/29/09	10	9	3	7
130	12/29/09	18	14	6	13
131	12/29/09	22	11	5	13
131	12/29/09	5	43	8	19
131	12/29/09	11	7	2	7
132	12/29/09	29	39	30	33
133	12/29/09	191	54	15	87
133	12/29/09	28	55	92	58
133	12/29/09	95	93	72	87
134	12/29/09	136	216	75	142
135	12/29/09	40	45	165	83
135	12/29/09	39	38	74	50
135	12/29/09	46	32	20	33
143	12/29/09	463	114	29	202
145	12/29/09	473	254	256	328
157	12/29/09	341	115	77	178
159	12/29/09	16	5	1	7
159	12/29/09	25	7	122	51
164	12/29/09	0	0	0	0
165	12/29/09	0	0	0	0
147A	12/29/09	39	15	43	32
