Rm Date	TYMC
126	39819	0
127	39819	0
127	39819	0
127	39819	0
143	39819	0
143	39819	0
157	39819	0
157	39819	0
159	39819	0
159	39819	0
159	39819	0
159	39819	0
143	39821	0
152	39821	0
153	39821	0
154	39821	0
154	39821	0
154	39821	0
156	39821	0
156	39821	0
128	39822	0
129	39822	2
129	39822	0
129	39822	0
131	39822	0
131	39822	0
131	39822	0
132	39822	0
133	39822	0
133	39822	0
133	39822	0
134	39822	0
135	39822	0
135	39822	0
135	39822	0
141	39822	0
141	39822	0
141	39822	0
128	39825	0
129	39825	0
129	39825	0
129	39825	0
141	39825	0
141	39825	0
141	39825	0
126	39826	0
159	39826	0
159	39826	0
159	39826	0
159	39826	0
131	39828	0
131	39828	0
131	39828	0
132	39828	0
133	39828	0
133	39828	0
133	39828	0
143	39829	0
152	39829	0
153	39829	0
153	39829	0
153	39829	0
154	39829	0
156	39829	0
156	39829	0
152	39832	0
153	39832	0
153	39832	0
153	39832	0
154	39832	0
156	39832	0
156	39832	0
128	39833	0
129	39833	0
129	39833	0
129	39833	0
134	39833	0
135	39833	0
135	39833	0
135	39833	0
141	39833	0
141	39833	0
141	39833	0
126	39834	0
127	39834	0
127	39834	0
127	39834	0
157	39834	0
157	39834	0
159	39834	0
159	39834	0
159	39834	0
159	39834	0
143	39835	0
131	39836	0
131	39836	0
131	39836	0
131	39836	0
131	39836	0
131	39836	0
132	39836	0
133	39836	0
133	39836	0
133	39836	0
143	39836	0
131	39839	0
131	39839	0
131	39839	0
132	39839	0
133	39839	0
133	39839	0
133	39839	0
152	39840	0
153	39840	0
153	39840	0
153	39840	0
154	39840	0
156	39840	1
156	39840	0
143	39841	0
126	39842	0
127	39842	0
127	39842	0
127	39842	0
157	39842	0
157	39842	0
159	39842	0
159	39842	0
159	39842	0
159	39842	0
128	39843	0
129	39843	0
129	39843	0
129	39843	0
134	39843	0
135	39843	0
135	39843	0
135	39843	0
141	39843	0
141	39843	0
141	39843	0
143	39843	0
132	39847	0
133	39847	0
133	39847	0
133	39847	0
152	39848	0
153	39848	0
153	39848	0
153	39848	0
154	39848	0
156	39848	0
156	39848	0
126	39849	0
127	39849	0
127	39849	0
127	39849	0
134	39849	0
135	39849	0
135	39849	0
135	39849	0
141	39849	0
141	39849	0
141	39849	0
143	39849	0
128	39850	2
129	39850	0
129	39850	0
129	39850	0
143	39850	0
157	39850	0
157	39850	0
159	39850	0
159	39850	0
159	39850	0
159	39850	0
126	39853	0
127	39853	0
127	39853	0
127	39853	0
157	39853	0
157	39853	0
159	39853	0
159	39853	0
159	39853	0
159	39853	0
143	39856	0
152	39856	0
152	39856	0
153	39856	0
153	39856	0
153	39856	0
154	39856	0
156	39856	0
156	39856	0
128	39857	0
129	39857	0
129	39857	0
129	39857	0
131	39857	0
131	39857	0
131	39857	0
132	39857	0
133	39857	0
133	39857	0
133	39857	0
134	39857	0
135	39857	0
135	39857	0
135	39857	0
141	39857	0
141	39857	0
141	39857	0
143	39857	0
128	39860	0
129	39860	0
129	39860	0
129	39860	0
134	39860	0
135	39860	0
135	39860	0
135	39860	0
141	39860	0
141	39860	0
141	39860	0
131	39861	0
131	39861	0
131	39861	0
157	39861	0
157	39861	0
159	39861	0
159	39861	0
159	39861	0
159	39861	0
143	39862	0
126	39863	0
127	39863	0
127	39863	0
127	39863	0
132	39863	0
133	39863	0
133	39863	0
133	39863	0
143	39863	0
152	39864	0
152	39864	0
153	39864	0
153	39864	0
153	39864	0
154	39864	0
156	39864	0
156	39864	0
126	39867	0
127	39867	0
127	39867	0
127	39867	0
131	39867	0
131	39867	0
131	39867	0
131	39867	0
131	39867	0
131	39867	0
132	39867	0
133	39867	0
133	39867	0
133	39867	0
152	39868	0
153	39868	0
153	39868	0
153	39868	0
154	39868	0
156	39868	0
156	39868	0
131	39869	0
131	39869	0
131	39869	0
143	39869	0
126	39871	0
126	39871	0
127	39871	0
127	39871	0
127	39871	0
127	39871	0
127	39871	0
127	39871	0
141	39871	0
141	39871	0
141	39871	0
143	39871	0
157	39871	0
157	39871	0
159	39871	0
159	39871	0
159	39871	0
159	39871	0
126	39874	0
127	39874	0
127	39874	0
127	39874	0
131	39874	0
131	39874	0
131	39874	0
157	39874	0
157	39874	0
159	39874	0
159	39874	0
159	39874	0
159	39874	0
132	39876	0
143	39876	0
143	39876	0
143	39876	0
128	39877	0
129	39877	0
129	39877	0
129	39877	0
134	39877	0
135	39877	0
135	39877	0
135	39877	0
141	39877	0
141	39877	0
141	39877	0
126	39878	0
126	39878	1
127	39878	0
127	39878	0
127	39878	0
127	39878	0
127	39878	0
127	39878	0
143	39878	0
148	39878	0
148	39878	0
152	39878	0
156	39878	0
156	39878	0
143	39883	0
157	39883	0
157	39883	0
159	39883	0
159	39883	0
159	39883	0
159	39883	0
152	39884	0
153	39884	0
153	39884	0
153	39884	0
154	39884	0
156	39884	0
156	39884	0
129	39885	0
129	39885	0
129	39885	0
131	39885	0
131	39885	0
131	39885	0
132	39885	0
133	39885	0
133	39885	0
133	39885	0
134	39885	0
135	39885	0
135	39885	0
135	39885	0
141	39885	0
141	39885	0
141	39885	0
143	39885	0
128	39888	0
129	39888	0
129	39888	0
129	39888	0
134	39888	0
135	39888	0
135	39888	0
135	39888	0
131	39891	0
131	39891	0
131	39891	0
132	39891	1
133	39891	0
133	39891	0
133	39891	0
143	39891	0
126	39892	0
127	39892	0
127	39892	0
127	39892	0
143	39892	0
152	39892	0
153	39892	0
153	39892	0
153	39892	0
154	39892	0
156	39892	0
156	39892	0
159	39892	0
159	39892	0
159	39892	0
159	39892	0
141	39895	0
141	39895	0
141	39895	0
152	39895	0
153	39895	0
153	39895	0
153	39895	0
154	39895	0
156	39895	0
156	39895	0
128	39896	0
129	39896	0
129	39896	0
129	39896	0
134	39896	0
135	39896	0
135	39896	0
135	39896	0
141	39896	0
141	39896	0
141	39896	0
143	39897	0
126	39898	0
127	39898	0
127	39898	0
127	39898	0
157	39898	0
157	39898	0
157	39898	0
157	39898	0
159	39898	0
159	39898	0
159	39898	0
159	39898	0
131	39899	0
131	39899	0
131	39899	0
132	39899	0
133	39899	0
133	39899	0
133	39899	0
131	39902	0
131	39902	0
131	39902	0
132	39902	0
133	39902	0
133	39902	0
133	39902	0
143	39903	0
152	39903	0
153	39903	0
153	39903	0
153	39903	0
154	39903	0
156	39903	0
156	39903	0
143	39905	0
143	39905	0
127	39906	0
127	39906	0
127	39906	0
128	39906	0
129	39906	0
129	39906	0
129	39906	0
134	39906	0
135	39906	0
135	39906	0
135	39906	0
141	39906	0
141	39906	0
141	39906	0
157	39906	0
157	39906	0
159	39906	0
159	39906	0
159	39906	0
159	39906	0
128	39912	0
129	39912	0
129	39912	0
129	39912	0
128	39913	0
129	39913	0
129	39913	0
129	39913	0
141	39913	0
141	39913	0
141	39913	0
141	39913	0
141	39913	0
141	39913	0
127	39923	0
127	39923	0
127	39923	0
148	39923	0
157	39923	0
157	39923	0
159	39923	0
159	39923	0
159	39923	0
159	39923	0
131	39925	0
131	39925	0
131	39925	0
132	39925	0
133	39925	0
133	39925	0
133	39925	0
143	39925	0
145	39925	0
128	39926	0
129	39926	0
129	39926	0
129	39926	0
134	39926	0
135	39926	0
135	39926	0
135	39926	0
141	39926	0
141	39926	0
141	39926	0
143	39926	0
145	39926	0
154	39927	0
154	39927	0
154	39927	0
156	39927	0
156	39927	0
164	39927	0
164	39927	0
147A	39927	0
147A	39927	0
131	39930	0
131	39930	0
131	39930	0
132	39930	0
133	39930	0
133	39930	0
133	39930	0
164	39930	0
164	39930	0
147A	39930	0
147A	39930	0
152	39931	0
153	39931	0
153	39931	0
153	39931	0
156	39931	0
156	39931	0
164	39931	0
164	39931	0
147A	39931	0
147A	39931	0
143	39932	0
126	39934	0
127	39934	0
127	39934	0
127	39934	0
141	39934	0
141	39934	0
141	39934	0
143	39934	0
157	39934	0
157	39934	0
159	39934	0
159	39934	0
159	39934	0
159	39934	0
164	39934	0
164	39934	0
147A	39934	0
147A	39934	0
128	39935	0
129	39935	0
129	39935	0
129	39935	0
134	39935	0
135	39935	0
135	39935	0
135	39935	0
131	39937	0
131	39937	0
131	39937	0
132	39937	0
133	39937	0
133	39937	0
133	39937	0
126	39938	0
127	39938	0
127	39938	0
127	39938	0
157	39938	0
157	39938	0
159	39938	1
159	39938	0
159	39938	1
159	39938	0
128	39940	0
129	39940	0
129	39940	2
129	39940	0
134	39940	0
135	39940	0
135	39940	0
135	39940	0
141	39940	0
141	39940	0
141	39940	0
143	39941	0
152	39941	0
153	39941	0
153	39941	0
153	39941	0
154	39941	1
156	39941	0
156	39941	0
164	39941	0
147A	39941	0
143	39942	0
164	39944	0
128	39945	0
129	39945	0
129	39945	0
129	39945	0
131	39945	0
131	39945	0
131	39945	0
132	39945	1
133	39945	0
133	39945	0
133	39945	0
143	39945	0
143	39945	0
153	39945	0
153	39945	0
153	39945	0
154	39945	0
164	39945	0
164	39945	0
147A	39945	0
147A	39945	0
164	39946	0
164	39946	0
147A	39946	1
147A	39946	1
126	39947	0
127	39947	0
127	39947	0
127	39947	0
152	39947	0
153	39947	0
153	39947	0
153	39947	0
154	39947	0
156	39947	0
156	39947	0
157	39947	0
157	39947	0
159	39947	0
159	39947	0
159	39947	0
159	39947	0
164	39947	0
164	39947	0
164	39947	0
164	39947	0
147A	39947	0
147A	39947	0
147A	39947	0
147A	39947	0
128	39948	0
129	39948	0
129	39948	0
129	39948	0
131	39948	0
131	39948	0
131	39948	0
134	39948	0
135	39948	0
135	39948	0
135	39948	0
141	39948	0
141	39948	0
141	39948	0
152	39948	0
156	39948	0
156	39948	0
143	39949	0
128	39951	0
129	39951	0
129	39951	0
129	39951	0
131	39951	0
131	39951	0
131	39951	0
135	39951	0
135	39951	0
135	39951	0
141	39951	0
141	39951	0
141	39951	0
152	39951	0
152	39951	0
152	39951	0
156	39951	0
156	39951	0
156	39951	0
156	39951	0
126	39952	0
143	39952	0
145	39952	0
152	39952	0
156	39952	0
156	39952	0
128	39953	0
129	39953	0
129	39953	0
129	39953	0
131	39953	0
131	39953	0
131	39953	0
132	39953	0
133	39953	0
133	39953	0
133	39953	0
153	39953	0
153	39953	0
153	39953	0
154	39953	0
126	39954	0
127	39954	0
127	39954	0
127	39954	0
132	39954	0
132	39954	0
133	39954	0
133	39954	0
133	39954	0
133	39954	0
133	39954	0
133	39954	0
153	39954	0
153	39954	1
153	39954	0
154	39954	0
157	39954	0
157	39954	0
159	39954	0
159	39954	0
159	39954	0
159	39954	0
164	39954	0
164	39954	0
147A	39954	0
147A	39954	0
147A	39954	0
147A	39954	0
126	39955	0
127	39955	0
127	39955	0
127	39955	0
134	39955	0
135	39955	0
135	39955	0
135	39955	0
143	39955	0
152	39955	0
153	39955	0
153	39955	0
153	39955	0
154	39955	0
156	39955	0
156	39955	0
157	39955	0
157	39955	0
159	39955	0
159	39955	0
159	39955	0
159	39955	0
147A	39955	1
127	39959	0
127	39959	0
127	39959	0
128	39959	0
128	39959	0
129	39959	0
129	39959	0
129	39959	0
129	39959	0
129	39959	0
129	39959	0
131	39959	0
131	39959	0
131	39959	0
134	39959	0
135	39959	0
135	39959	0
135	39959	0
141	39959	0
141	39959	0
141	39959	0
164	39959	0
147A	39959	1
128	39961	0
129	39961	0
129	39961	0
129	39961	0
131	39961	0
131	39961	0
131	39961	0
132	39961	0
133	39961	0
133	39961	0
133	39961	0
143	39961	0
153	39961	0
153	39961	1
153	39961	0
154	39961	1
157	39961	0
157	39961	0
159	39961	0
159	39961	0
159	39961	0
159	39961	0
126	39962	0
127	39962	0
127	39962	0
127	39962	0
132	39962	0
133	39962	0
133	39962	0
133	39962	0
134	39962	0
135	39962	0
135	39962	0
135	39962	0
143	39962	0
152	39962	0
156	39962	0
156	39962	0
157	39962	0
157	39962	0
159	39962	0
159	39962	0
159	39962	0
159	39962	0
134	39963	0
135	39963	0
135	39963	0
135	39963	0
128	39965	0
129	39965	0
129	39965	0
129	39965	0
134	39965	0
135	39965	0
135	39965	0
135	39965	0
141	39965	0
141	39965	0
141	39965	0
152	39965	0
156	39965	0
156	39965	0
164	39965	0
164	39965	0
147A	39965	0
147A	39965	0
164	39966	0
164	39966	0
147A	39966	0
147A	39966	0
128	39967	5
129	39967	0
129	39967	0
129	39967	0
131	39967	0
131	39967	0
131	39967	0
132	39967	0
133	39967	0
133	39967	0
133	39967	0
153	39967	0
154	39967	0
154	39967	0
154	39967	0
164	39967	0
164	39967	0
147A	39967	0
147A	39967	1
126	39968	0
127	39968	0
127	39968	0
127	39968	0
132	39968	0
133	39968	0
133	39968	0
133	39968	0
143	39968	0
145	39968	0
153	39968	0
153	39968	0
153	39968	0
154	39968	0
157	39968	0
157	39968	0
159	39968	0
159	39968	0
159	39968	0
159	39968	0
164	39968	0
164	39968	0
147A	39968	0
147A	39968	0
126	39969	0
127	39969	0
127	39969	0
127	39969	0
134	39969	0
135	39969	0
135	39969	0
135	39969	0
156	39969	0
156	39969	0
157	39969	0
157	39969	0
159	39969	1
159	39969	0
159	39969	1
159	39969	0
164	39969	0
164	39969	0
147A	39969	0
147A	39969	0
143	39970	0
126	39972	0
127	39972	0
127	39972	0
127	39972	0
134	39972	0
135	39972	0
135	39972	0
135	39972	0
145	39972	0
152	39972	0
156	39972	0
156	39972	0
157	39972	0
157	39972	0
159	39972	0
159	39972	0
159	39972	0
159	39972	0
164	39972	0
164	39972	0
147A	39972	0
147A	39972	0
147A	39972	0
147A	39972	0
128	39973	0
129	39973	0
129	39973	0
129	39973	0
131	39973	0
131	39973	0
131	39973	0
134	39973	0
135	39973	0
135	39973	0
135	39973	0
141	39973	0
141	39973	0
141	39973	0
152	39973	0
156	39973	0
156	39973	0
164	39973	0
147A	39973	0
143	39974	0
128	39975	0
129	39975	0
129	39975	0
129	39975	0
131	39975	0
131	39975	0
131	39975	0
132	39975	0
133	39975	0
133	39975	0
133	39975	0
153	39975	0
153	39975	0
153	39975	0
154	39975	0
126	39976	0
127	39976	0
127	39976	0
127	39976	0
132	39976	1
133	39976	0
133	39976	0
133	39976	0
153	39976	0
153	39976	0
153	39976	0
154	39976	0
157	39976	1
157	39976	1
159	39976	0
159	39976	0
159	39976	0
159	39976	0
164	39976	0
164	39976	0
147A	39976	0
147A	39976	0
147A	39976	0
147A	39976	0
143	39977	0
126	39979	0
127	39979	0
127	39979	0
127	39979	0
132	39979	0
133	39979	0
133	39979	0
133	39979	0
153	39979	0
153	39979	0
153	39979	0
154	39979	0
157	39979	0
157	39979	0
159	39979	0
159	39979	0
159	39979	0
159	39979	0
164	39979	0
164	39979	0
147A	39979	0
147A	39979	0
147A	39979	0
147A	39979	0
134	39980	0
135	39980	0
135	39980	0
135	39980	0
157	39980	0
157	39980	0
158	39980	0
164	39980	0
164	39980	0
147A	39980	0
147A	39980	0
126	39981	0
127	39981	0
127	39981	0
127	39981	0
128	39981	0
129	39981	0
129	39981	0
129	39981	0
131	39981	0
131	39981	0
131	39981	0
134	39981	0
135	39981	0
135	39981	0
135	39981	0
143	39981	0
145	39981	0
152	39981	0
156	39981	0
156	39981	0
164	39981	0
164	39981	0
147A	39981	0
147A	39981	0
141	39982	0
141	39982	0
141	39982	0
152	39982	0
156	39982	0
156	39982	0
164	39982	0
147A	39982	0
128	39983	0
129	39983	0
129	39983	0
129	39983	0
131	39983	0
131	39983	0
131	39983	0
132	39983	0
133	39983	0
133	39983	0
133	39983	0
153	39983	0
154	39983	0
154	39983	0
154	39983	0
143	39984	0
145	39984	0
159	39984	0
159	39984	0
159	39984	0
159	39984	0
126	39986	0
127	39986	0
127	39986	0
127	39986	0
128	39986	0
128	39986	0
129	39986	0
129	39986	0
129	39986	0
129	39986	0
129	39986	0
129	39986	0
132	39986	0
132	39986	0
133	39986	0
133	39986	0
133	39986	0
133	39986	0
133	39986	0
133	39986	0
143	39986	0
153	39986	0
153	39986	0
153	39986	0
153	39986	0
154	39986	0
154	39986	0
154	39986	0
154	39986	0
147A	39986	0
147A	39986	0
131	39987	0
131	39987	0
131	39987	0
131	39987	0
131	39987	0
131	39987	0
132	39987	0
133	39987	0
133	39987	0
133	39987	0
143	39987	0
145	39987	0
153	39987	0
153	39987	0
153	39987	0
153	39987	0
153	39987	0
153	39987	0
154	39987	0
154	39987	0
157	39987	0
157	39987	0
157	39987	0
157	39987	0
159	39987	1
159	39987	0
159	39987	1
159	39987	0
159	39987	1
159	39987	0
159	39987	1
159	39987	0
164	39987	0
164	39987	0
147A	39987	0
147A	39987	0
126	39988	0
126	39988	0
127	39988	0
127	39988	0
127	39988	0
127	39988	0
127	39988	0
127	39988	0
134	39988	0
135	39988	0
135	39988	0
135	39988	0
152	39988	0
152	39988	0
156	39988	0
156	39988	0
156	39988	0
156	39988	0
128	39989	0
128	39989	0
129	39989	0
129	39989	0
129	39989	0
129	39989	0
129	39989	0
129	39989	0
131	39989	0
131	39989	0
131	39989	0
134	39989	0
134	39989	0
135	39989	0
135	39989	0
135	39989	0
135	39989	0
135	39989	0
135	39989	0
141	39989	0
141	39989	0
141	39989	0
141	39989	0
141	39989	0
141	39989	0
143	39989	0
152	39989	0
156	39989	0
156	39989	0
157	39989	0
157	39989	0
126	39990	0
126	39990	0
126	39990	0
127	39990	0
127	39990	0
127	39990	0
127	39990	0
127	39990	0
127	39990	0
127	39990	0
127	39990	0
127	39990	0
159	39990	0
159	39990	0
164	39990	0
165	39990	0
131	39993	0
131	39993	0
131	39993	0
164	39993	0
164	39993	0
147A	39993	0
147A	39993	0
147A	39993	0
147A	39993	0
126	39994	0
126	39994	0
126	39994	0
127	39994	0
127	39994	0
127	39994	0
127	39994	0
127	39994	0
127	39994	0
127	39994	0
127	39994	0
127	39994	0
131	39994	0
131	39994	0
131	39994	0
131	39994	0
131	39994	0
131	39994	0
131	39994	0
131	39994	0
131	39994	0
132	39994	0
133	39994	0
133	39994	0
133	39994	0
153	39994	0
153	39994	0
153	39994	0
154	39994	0
126	39995	0
127	39995	0
127	39995	0
127	39995	0
128	39995	0
129	39995	0
129	39995	0
129	39995	0
132	39995	0
133	39995	0
133	39995	0
133	39995	0
134	39995	0
135	39995	0
135	39995	0
135	39995	0
143	39995	0
153	39995	0
153	39995	0
153	39995	0
154	39995	0
157	39995	0
157	39995	0
159	39995	0
159	39995	0
159	39995	0
159	39995	0
128	39996	0
129	39996	0
129	39996	0
129	39996	0
143	39996	0
152	39996	0
156	39996	0
156	39996	0
157	39996	0
157	39996	0
159	39996	0
159	39996	0
159	39996	0
159	39996	0
164	40000	0
164	40000	0
147A	40000	0
147A	40000	0
128	40001	0
129	40001	0
129	40001	0
129	40001	0
131	40001	0
131	40001	0
131	40001	0
132	40001	0
133	40001	0
133	40001	0
133	40001	0
153	40001	0
153	40001	0
153	40001	0
154	40001	0
164	40001	0
164	40001	0
147A	40001	1
147A	40001	0
126	40002	0
127	40002	0
127	40002	0
127	40002	0
132	40002	0
133	40002	0
133	40002	0
133	40002	0
143	40002	0
153	40002	0
153	40002	0
153	40002	0
154	40002	0
157	40002	0
157	40002	0
158	40002	0
126	40003	0
127	40003	0
127	40003	0
127	40003	0
131	40003	0
131	40003	0
131	40003	0
156	40003	0
156	40003	0
157	40003	0
157	40003	0
159	40003	0
159	40003	0
159	40003	0
159	40003	0
164	40003	0
164	40003	0
147A	40003	0
147A	40003	0
128	40004	0
129	40004	0
129	40004	0
129	40004	0
132	40004	0
133	40004	0
133	40004	0
133	40004	0
134	40004	0
135	40004	0
135	40004	0
135	40004	0
141	40004	0
141	40004	0
141	40004	0
143	40004	0
152	40004	0
156	40004	0
156	40004	0
128	40007	0
129	40007	0
129	40007	0
129	40007	0
131	40007	0
131	40007	0
131	40007	0
131	40007	0
131	40007	0
131	40007	0
134	40007	0
135	40007	0
135	40007	0
135	40007	0
141	40007	0
141	40007	0
141	40007	0
156	40007	0
156	40007	0
128	40009	0
129	40009	0
129	40009	0
129	40009	0
131	40009	0
131	40009	0
131	40009	0
132	40009	0
133	40009	0
133	40009	0
133	40009	0
134	40009	0
135	40009	0
135	40009	0
135	40009	0
126	40010	0
127	40010	0
127	40010	0
127	40010	0
132	40010	0
133	40010	0
133	40010	0
133	40010	0
143	40010	0
153	40010	0
153	40010	0
153	40010	0
154	40010	0
157	40010	0
157	40010	0
159	40010	0
159	40010	0
159	40010	0
159	40010	0
164	40010	0
164	40010	0
126	40011	0
127	40011	0
127	40011	0
127	40011	0
134	40011	0
135	40011	0
135	40011	0
135	40011	0
152	40011	0
156	40011	0
156	40011	0
157	40011	0
157	40011	0
159	40011	0
159	40011	0
159	40011	0
159	40011	0
164	40011	0
147A	40011	0
143	40012	0
126	40014	0
127	40014	0
127	40014	0
127	40014	0
134	40014	0
135	40014	0
135	40014	0
135	40014	0
156	40014	0
156	40014	0
157	40014	0
157	40014	0
158	40014	0
159	40014	0
159	40014	0
159	40014	0
159	40014	0
165	40014	0
128	40016	0
129	40016	0
129	40016	0
129	40016	0
164	40016	0
131	40017	0
131	40017	0
131	40017	0
132	40017	0
133	40017	0
133	40017	0
133	40017	0
153	40017	0
153	40017	0
153	40017	0
154	40017	0
132	40018	0
133	40018	0
133	40018	0
133	40018	0
143	40018	0
145	40018	0
153	40018	0
153	40018	0
153	40018	0
154	40018	0
157	40018	0
157	40018	0
158	40018	0
159	40018	0
159	40018	0
159	40018	0
159	40018	0
164	40018	0
147A	40018	0
128	40021	0
129	40021	0
129	40021	0
129	40021	0
131	40021	0
131	40021	0
131	40021	0
131	40021	0
131	40021	0
131	40021	0
134	40021	0
135	40021	0
135	40021	0
135	40021	0
141	40021	0
141	40021	0
141	40021	0
156	40021	0
156	40021	0
147A	40021	0
147A	40021	0
126	40022	0
127	40022	0
127	40022	0
127	40022	0
134	40022	0
135	40022	0
135	40022	0
135	40022	0
143	40022	1
152	40022	0
156	40022	0
156	40022	0
157	40022	0
157	40022	0
159	40022	0
159	40022	0
159	40022	0
159	40022	0
131	40023	0
131	40023	0
131	40023	0
131	40023	0
131	40023	0
131	40023	0
132	40023	0
133	40023	0
133	40023	0
133	40023	0
153	40023	0
153	40023	0
153	40023	0
154	40023	0
128	40024	0
129	40024	0
129	40024	0
129	40024	0
143	40024	0
164	40024	0
131	40025	0
131	40025	0
131	40025	0
132	40025	0
133	40025	0
133	40025	0
133	40025	0
153	40025	0
153	40025	0
153	40025	0
154	40025	1
126	40028	0
127	40028	0
127	40028	0
127	40028	0
132	40028	0
133	40028	0
133	40028	0
133	40028	0
143	40028	2
153	40028	0
153	40028	0
153	40028	0
154	40028	0
157	40028	0
157	40028	0
159	40028	0
159	40028	0
159	40028	0
159	40028	0
128	40029	0
129	40029	0
129	40029	0
129	40029	0
131	40029	0
131	40029	0
131	40029	0
134	40029	0
135	40029	0
135	40029	0
135	40029	0
141	40029	1
141	40029	0
141	40029	1
152	40029	0
156	40029	0
156	40029	0
164	40029	0
164	40029	0
147A	40029	0
147A	40029	0
134	40030	0
135	40030	0
135	40030	0
135	40030	0
143	40030	0
152	40030	0
156	40030	0
156	40030	0
157	40030	0
157	40030	0
159	40030	0
159	40030	0
159	40030	0
159	40030	0
128	40031	0
129	40031	1
129	40031	1
129	40031	0
164	40031	0
164	40031	0
147A	40031	0
147A	40031	0
126	40032	0
127	40032	0
127	40032	0
127	40032	0
131	40032	0
131	40032	0
131	40032	0
132	40032	0
133	40032	0
133	40032	0
133	40032	0
153	40032	0
153	40032	0
153	40032	0
154	40032	1
147A	40032	0
147A	40032	0
143	40035	0
164	40035	0
164	40035	0
147A	40035	0
147A	40035	0
143	40037	2
147A	40037	0
147A	40037	0
126	40038	0
127	40038	0
127	40038	0
127	40038	0
134	40038	0
135	40038	0
135	40038	0
135	40038	0
152	40038	0
156	40038	0
156	40038	0
157	40038	0
157	40038	0
158	40038	0
159	40038	0
159	40038	0
159	40038	0
159	40038	0
164	40038	0
164	40038	0
147A	40038	0
147A	40038	0
134	40039	0
135	40039	0
135	40039	0
135	40039	0
152	40039	0
156	40039	0
156	40039	0
128	40042	0
129	40042	0
129	40042	0
129	40042	0
164	40042	0
164	40042	0
165	40042	0
147A	40042	0
147A	40042	0
131	40043	0
131	40043	0
131	40043	0
132	40043	0
133	40043	0
133	40043	0
133	40043	0
153	40043	0
153	40043	0
153	40043	0
154	40043	1
164	40043	0
164	40043	0
147A	40043	0
147A	40043	0
126	40044	0
127	40044	0
127	40044	0
127	40044	0
132	40044	0
133	40044	0
133	40044	0
133	40044	0
143	40044	0
153	40044	0
153	40044	0
153	40044	0
154	40044	0
157	40044	0
157	40044	0
158	40044	0
128	40045	0
129	40045	0
129	40045	0
129	40045	0
131	40045	0
131	40045	0
131	40045	0
134	40045	0
135	40045	0
135	40045	0
135	40045	0
141	40045	0
141	40045	0
141	40045	0
152	40045	0
156	40045	0
156	40045	0
147A	40045	0
147A	40045	0
126	40046	0
127	40046	0
127	40046	0
127	40046	0
134	40046	0
135	40046	0
135	40046	0
135	40046	0
143	40046	0
152	40046	0
156	40046	0
156	40046	0
157	40046	0
157	40046	0
158	40046	0
159	40046	0
159	40046	0
159	40046	0
159	40046	0
126	40049	0
127	40049	0
127	40049	0
127	40049	0
134	40049	0
135	40049	0
135	40049	0
135	40049	0
152	40049	0
156	40049	0
156	40049	0
157	40049	0
157	40049	0
158	40049	0
159	40049	0
159	40049	0
159	40049	0
159	40049	0
128	40050	0
129	40050	1
129	40050	0
129	40050	0
159	40050	0
159	40050	0
164	40050	0
164	40050	0
147A	40050	0
147A	40050	0
131	40051	0
131	40051	0
131	40051	0
132	40051	0
133	40051	0
133	40051	0
133	40051	0
153	40051	0
153	40051	0
153	40051	0
154	40051	0
126	40052	1
127	40052	0
127	40052	0
127	40052	0
132	40052	0
133	40052	0
133	40052	0
133	40052	0
143	40052	0
153	40052	0
153	40052	0
153	40052	0
154	40052	0
157	40052	0
157	40052	0
158	40052	0
159	40052	0
159	40052	0
159	40052	0
159	40052	0
131	40053	0
131	40053	0
131	40053	0
134	40053	0
135	40053	0
135	40053	0
135	40053	0
141	40053	0
141	40053	0
141	40053	0
143	40053	0
152	40053	0
156	40053	0
156	40053	0
147A	40053	0
126	40056	0
127	40056	0
127	40056	0
127	40056	0
134	40056	0
135	40056	0
135	40056	0
135	40056	0
143	40056	0
152	40056	0
156	40056	0
156	40056	0
157	40056	0
157	40056	0
158	40056	0
159	40056	0
159	40056	0
159	40056	0
159	40056	0
147A	40056	0
147A	40056	0
131	40057	0
131	40057	0
131	40057	0
131	40057	0
131	40057	0
134	40057	0
135	40057	0
135	40057	0
135	40057	0
137	40057	0
141	40057	0
141	40057	0
141	40057	0
152	40057	0
156	40057	0
156	40057	0
156	40057	0
128	40058	0
128	40058	0
129	40058	0
129	40058	0
129	40058	0
129	40058	0
129	40058	0
129	40058	0
132	40058	0
132	40058	0
133	40058	0
133	40058	0
133	40058	0
133	40058	0
133	40058	0
133	40058	0
157	40058	0
157	40058	0
157	40058	0
157	40058	0
158	40058	0
158	40058	0
159	40058	0
159	40058	0
159	40058	0
159	40058	0
159	40058	0
159	40058	0
159	40058	0
159	40058	0
164	40058	0
164	40058	0
147A	40058	0
147A	40058	0
131	40059	0
131	40059	0
131	40059	0
131	40059	0
131	40059	0
131	40059	0
132	40059	0
132	40059	0
133	40059	0
133	40059	0
133	40059	0
133	40059	0
133	40059	0
133	40059	0
153	40059	0
153	40059	0
153	40059	0
153	40059	0
153	40059	0
153	40059	0
154	40059	0
154	40059	0
128	40060	0
128	40060	0
129	40060	0
129	40060	0
129	40060	0
129	40060	0
129	40060	0
129	40060	0
135	40060	0
143	40060	0
153	40060	0
153	40060	0
153	40060	0
153	40060	0
154	40060	0
154	40060	0
164	40060	0
164	40060	0
147A	40060	0
147A	40060	0
147A	40060	0
147A	40060	0
126	40064	0
126	40064	0
127	40064	0
127	40064	0
127	40064	0
127	40064	0
127	40064	0
127	40064	0
134	40064	0
135	40064	0
135	40064	0
135	40064	0
141	40064	0
141	40064	0
141	40064	0
141	40064	0
141	40064	0
141	40064	0
152	40064	0
156	40064	0
156	40064	0
128	40065	0
129	40065	0
129	40065	0
129	40065	0
131	40065	0
131	40065	0
131	40065	0
134	40065	0
135	40065	0
135	40065	0
135	40065	0
143	40065	0
143	40065	0
152	40065	0
152	40065	0
156	40065	0
156	40065	0
156	40065	0
156	40065	0
157	40065	0
157	40065	0
158	40065	0
159	40065	0
159	40065	0
159	40065	0
159	40065	0
147A	40065	0
147A	40065	0
131	40066	0
131	40066	0
131	40066	0
132	40066	0
133	40066	0
133	40066	0
133	40066	0
157	40066	0
157	40066	0
158	40066	0
159	40066	0
159	40066	0
159	40066	0
159	40066	0
164	40066	0
164	40066	0
147A	40066	0
147A	40066	0
128	40067	0
129	40067	0
129	40067	0
129	40067	0
129	40067	0
132	40067	0
133	40067	0
133	40067	0
133	40067	0
143	40067	0
153	40067	0
153	40067	0
153	40067	0
154	40067	0
128	40070	0
129	40070	0
129	40070	0
129	40070	0
143	40070	0
153	40070	0
153	40070	0
153	40070	0
154	40070	0
164	40070	0
164	40070	0
147A	40070	0
147A	40070	0
126	40071	0
127	40071	0
127	40071	0
127	40071	0
134	40071	0
135	40071	0
135	40071	0
135	40071	0
141	40071	0
141	40071	0
141	40071	0
143	40071	0
152	40071	0
156	40071	0
156	40071	0
126	40072	0
127	40072	0
127	40072	0
127	40072	0
131	40072	0
131	40072	0
131	40072	0
134	40072	0
135	40072	0
135	40072	0
135	40072	0
152	40072	0
156	40072	0
156	40072	0
157	40072	0
157	40072	0
158	40072	0
159	40072	0
159	40072	0
159	40072	0
159	40072	0
164	40072	0
164	40072	0
147A	40072	0
147A	40072	0
147A	40072	0
147A	40072	0
128	40073	0
129	40073	0
129	40073	4
129	40073	8
132	40073	0
133	40073	0
133	40073	0
133	40073	0
157	40073	0
157	40073	0
158	40073	0
159	40073	0
159	40073	0
159	40073	0
159	40073	0
164	40073	0
164	40073	0
147A	40073	0
147A	40073	0
126	40074	0
127	40074	0
127	40074	0
127	40074	0
131	40074	0
131	40074	0
131	40074	0
132	40074	0
133	40074	0
133	40074	0
133	40074	0
153	40074	0
153	40074	0
153	40074	0
154	40074	0
132	40077	0
133	40077	0
133	40077	0
133	40077	0
152	40077	0
153	40077	0
153	40077	0
153	40077	0
154	40077	0
156	40077	0
156	40077	0
164	40077	0
164	40077	0
147A	40077	0
147A	40077	0
128	40078	0
129	40078	0
129	40078	0
129	40078	0
143	40078	0
153	40078	0
153	40078	0
153	40078	0
154	40078	0
126	40079	0
127	40079	0
127	40079	0
127	40079	0
131	40079	0
131	40079	0
131	40079	0
134	40079	0
135	40079	0
135	40079	0
135	40079	0
141	40079	0
141	40079	0
141	40079	0
143	40079	0
153	40079	0
153	40079	0
153	40079	0
154	40079	0
131	40080	0
131	40080	0
131	40080	0
134	40080	0
135	40080	0
135	40080	0
135	40080	0
152	40080	0
156	40080	0
156	40080	0
157	40080	0
157	40080	0
158	40080	0
159	40080	2
159	40080	0
159	40080	2
159	40080	0
147A	40080	0
147A	40080	0
159	40081	0
159	40081	0
164	40081	0
164	40081	0
147A	40081	0
147A	40081	0
147B	40081	0
128	40084	0
129	40084	0
129	40084	0
129	40084	0
132	40084	0
133	40084	0
133	40084	0
133	40084	0
157	40084	0
157	40084	0
158	40084	0
159	40084	0
159	40084	0
159	40084	0
159	40084	0
164	40084	0
164	40084	0
147A	40084	0
147A	40084	0
164	40085	0
164	40085	0
147A	40085	0
147A	40085	0
126	40086	0
127	40086	0
127	40086	0
127	40086	0
128	40086	0
129	40086	0
129	40086	0
129	40086	0
153	40086	0
153	40086	0
153	40086	0
154	40086	0
164	40086	0
164	40086	0
147A	40086	0
147A	40086	0
126	40087	0
127	40087	0
127	40087	0
127	40087	0
131	40087	0
131	40087	0
131	40087	0
134	40087	0
135	40087	0
135	40087	0
135	40087	0
141	40087	0
141	40087	0
141	40087	0
143	40087	0
145	40087	0
153	40087	0
153	40087	0
153	40087	0
154	40087	0
164	40087	0
164	40087	0
147A	40087	0
147A	40087	0
127	40088	0
131	40088	0
131	40088	0
131	40088	0
132	40088	0
133	40088	0
133	40088	0
133	40088	0
134	40088	0
135	40088	0
135	40088	0
135	40088	0
143	40088	0
145	40088	0
157	40088	0
157	40088	0
158	40088	0
159	40088	0
159	40088	0
159	40088	0
159	40088	0
152	40089	0
156	40089	0
156	40089	0
126	40091	0
126	40091	0
127	40091	0
127	40091	0
127	40091	0
127	40091	0
127	40091	0
134	40091	0
135	40091	0
135	40091	0
135	40091	0
152	40091	0
156	40091	0
156	40091	0
157	40091	0
157	40091	0
158	40091	0
159	40091	0
159	40091	0
159	40091	0
159	40091	0
128	40092	0
129	40092	0
129	40092	0
129	40092	0
132	40092	0
133	40092	0
133	40092	0
133	40092	0
157	40092	0
157	40092	0
158	40092	0
159	40092	0
159	40092	6
159	40092	0
159	40092	6
133	40093	0
133	40093	0
133	40093	0
152	40093	0
156	40093	0
164	40093	0
164	40093	0
147A	40093	0
147A	40093	0
128	40094	0
129	40094	0
129	40094	0
129	40094	0
131	40094	0
131	40094	0
131	40094	0
143	40094	0
145	40094	0
153	40094	0
153	40094	0
153	40094	0
154	40094	0
131	40095	0
131	40095	0
131	40095	0
134	40095	0
135	40095	0
135	40095	0
135	40095	0
141	40095	0
141	40095	0
141	40095	0
143	40095	0
145	40095	0
153	40095	1
153	40095	0
153	40095	0
154	40095	0
164	40095	0
164	40095	0
147A	40095	0
147A	40095	0
126	40098	0
127	40098	0
127	40098	0
127	40098	0
131	40098	0
131	40098	0
131	40098	0
134	40098	0
135	40098	0
135	40098	0
135	40098	0
141	40098	0
141	40098	0
141	40098	0
153	40098	0
153	40098	0
153	40098	0
154	40098	0
126	40099	0
127	40099	0
127	40099	0
127	40099	0
134	40099	0
135	40099	0
135	40099	0
135	40099	0
152	40099	0
156	40099	0
156	40099	0
157	40099	0
157	40099	0
158	40099	0
159	40099	0
159	40099	0
159	40099	0
159	40099	0
128	40100	0
129	40100	0
129	40100	0
129	40100	1
133	40100	0
133	40100	0
133	40100	0
143	40100	0
145	40100	0
157	40100	0
157	40100	0
158	40100	0
159	40100	0
159	40100	0
159	40100	0
159	40100	0
132	40101	0
133	40101	0
133	40101	0
133	40101	0
152	40101	0
156	40101	0
156	40101	0
164	40101	0
164	40101	0
147A	40101	0
147A	40101	0
128	40102	0
129	40102	0
129	40102	0
129	40102	0
131	40102	0
131	40102	0
131	40102	0
143	40102	0
145	40102	0
153	40102	0
153	40102	0
153	40102	0
154	40102	0
128	40105	0
129	40105	0
129	40105	0
129	40105	0
131	40105	0
131	40105	0
131	40105	0
153	40105	0
153	40105	0
153	40105	0
154	40105	0
126	40106	0
127	40106	0
127	40106	0
127	40106	0
131	40106	0
131	40106	0
131	40106	0
134	40106	1
135	40106	0
135	40106	0
135	40106	0
141	40106	0
141	40106	0
141	40106	0
143	40106	0
145	40106	0
153	40106	0
153	40106	0
153	40106	0
154	40106	0
164	40106	0
164	40106	0
147A	40106	0
147A	40106	0
126	40107	0
127	40107	0
127	40107	0
127	40107	0
134	40107	0
135	40107	0
135	40107	0
135	40107	0
143	40107	0
145	40107	0
152	40107	0
156	40107	0
156	40107	0
157	40107	0
157	40107	0
158	40107	0
159	40107	0
159	40107	0
159	40107	0
159	40107	0
164	40107	0
164	40107	0
147A	40107	0
147A	40107	0
133	40108	0
133	40108	0
133	40108	0
152	40108	0
156	40108	0
156	40108	0
157	40108	0
157	40108	0
158	40108	0
159	40108	0
159	40108	0
159	40108	0
159	40108	0
126	40109	0
127	40109	0
127	40109	0
127	40109	0
128	40109	0
129	40109	0
129	40109	0
129	40109	0
133	40109	0
133	40109	0
133	40109	0
133	40112	0
133	40112	0
133	40112	0
152	40112	0
156	40112	0
156	40112	0
164	40112	0
164	40112	0
147A	40112	0
147A	40112	0
128	40113	0
129	40113	0
129	40113	0
129	40113	0
131	40113	0
131	40113	0
131	40113	0
143	40113	0
145	40113	0
153	40113	0
153	40113	0
153	40113	0
154	40113	0
164	40113	0
164	40113	0
147A	40113	0
147A	40113	0
131	40114	0
131	40114	0
131	40114	0
134	40114	0
135	40114	0
135	40114	0
135	40114	0
141	40114	0
141	40114	0
141	40114	0
152	40114	0
156	40114	0
156	40114	0
143	40115	0
145	40115	0
126	40116	0
127	40116	0
127	40116	0
127	40116	0
128	40116	1
129	40116	0
129	40116	0
129	40116	0
133	40116	0
133	40116	0
133	40116	0
157	40116	0
157	40116	0
158	40116	0
159	40116	6
159	40116	0
159	40116	6
159	40116	0
126	40119	0
126	40119	0
127	40119	0
127	40119	0
127	40119	0
127	40119	0
127	40119	0
127	40119	0
133	40119	0
133	40119	0
133	40119	0
157	40119	0
157	40119	0
158	40119	0
159	40119	0
159	40119	0
159	40119	0
159	40119	0
128	40120	0
129	40120	0
129	40120	0
129	40120	0
131	40120	0
131	40120	0
131	40120	0
153	40120	0
153	40120	0
153	40120	0
154	40120	0
164	40120	0
164	40120	0
147A	40120	0
147A	40120	0
131	40121	0
131	40121	0
131	40121	0
152	40121	0
156	40121	0
156	40121	0
164	40121	0
164	40121	0
147A	40121	0
147A	40121	0
133	40122	0
133	40122	0
133	40122	0
134	40122	0
135	40122	0
135	40122	0
135	40122	0
141	40122	0
141	40122	0
141	40122	0
143	40122	0
145	40122	0
152	40122	0
156	40122	0
156	40122	0
164	40122	0
164	40122	0
147A	40122	0
147A	40122	0
128	40123	0
129	40123	0
129	40123	0
129	40123	0
134	40123	0
135	40123	0
135	40123	0
135	40123	0
143	40123	0
145	40123	0
153	40123	0
153	40123	0
153	40123	0
154	40123	0
157	40123	0
157	40123	0
158	40123	0
159	40123	0
159	40123	0
159	40123	0
159	40123	0
128	40126	0
129	40126	0
129	40126	0
129	40126	0
134	40126	0
135	40126	0
135	40126	0
135	40126	0
157	40126	0
157	40126	0
158	40126	0
159	40126	0
159	40126	0
159	40126	0
159	40126	0
133	40127	0
133	40127	0
133	40127	0
143	40127	0
145	40127	0
157	40127	0
157	40127	0
158	40127	0
159	40127	0
159	40127	0
159	40127	0
159	40127	0
143	40128	0
145	40128	0
152	40128	0
156	40128	0
156	40128	0
126	40129	0
127	40129	0
127	40129	0
127	40129	0
133	40129	0
133	40129	0
133	40129	0
153	40129	0
153	40129	0
153	40129	0
154	40129	0
164	40129	0
147A	40129	0
128	40130	1
129	40130	0
129	40130	0
129	40130	0
134	40130	0
135	40130	0
135	40130	0
135	40130	0
141	40130	0
141	40130	3
141	40130	0
152	40130	0
156	40130	0
156	40130	0
164	40130	0
147A	40130	0
126	40133	0
127	40133	0
127	40133	0
127	40133	0
133	40133	0
133	40133	0
133	40133	0
134	40133	0
135	40133	0
135	40133	0
135	40133	0
152	40133	0
156	40133	0
156	40133	0
128	40134	0
128	40134	0
129	40134	0
129	40134	0
129	40134	0
129	40134	0
129	40134	0
129	40134	0
131	40134	0
131	40134	0
131	40134	0
134	40134	0
134	40134	0
135	40134	0
135	40134	0
135	40134	0
135	40134	0
135	40134	0
135	40134	0
143	40134	0
143	40134	0
145	40134	0
145	40134	0
157	40134	0
157	40134	0
158	40134	0
159	40134	0
159	40134	0
159	40134	0
159	40134	0
131	40135	0
131	40135	0
131	40135	0
131	40135	0
131	40135	0
131	40135	0
133	40135	0
133	40135	0
133	40135	0
133	40135	0
133	40135	0
133	40135	0
143	40135	0
145	40135	0
153	40135	0
153	40135	0
153	40135	0
154	40135	0
157	40135	0
157	40135	0
157	40135	0
157	40135	0
158	40135	0
158	40135	0
159	40135	0
159	40135	0
159	40135	0
159	40135	0
159	40135	0
159	40135	0
159	40135	0
159	40135	0
164	40135	0
164	40135	0
164	40135	0
147A	40135	0
147A	40135	0
147A	40135	0
126	40136	0
126	40136	0
127	40136	0
127	40136	0
127	40136	0
127	40136	0
127	40136	0
127	40136	0
152	40136	0
152	40136	0
156	40136	0
156	40136	0
156	40136	0
156	40136	0
164	40136	0
164	40136	0
147A	40136	0
147A	40136	0
128	40137	0
129	40137	0
129	40137	0
129	40137	0
141	40137	0
141	40137	0
141	40137	0
141	40137	0
141	40137	0
141	40137	0
153	40137	0
153	40137	0
153	40137	0
154	40137	0
164	40137	0
164	40137	0
147A	40137	0
147A	40137	0
143	40140	0
145	40140	0
152	40140	0
153	40140	0
153	40140	0
153	40140	0
154	40140	0
156	40140	0
156	40140	0
164	40140	0
126	40141	0
127	40141	0
127	40141	0
127	40141	0
133	40141	0
133	40141	0
133	40141	0
134	40141	0
135	40141	0
135	40141	0
135	40141	0
141	40141	0
141	40141	0
141	40141	0
147A	40141	0
128	40142	0
129	40142	0
129	40142	0
129	40142	0
131	40142	0
131	40142	0
131	40142	0
143	40142	0
145	40142	0
157	40142	0
157	40142	0
158	40142	0
159	40142	0
159	40142	0
159	40142	0
159	40142	0
126	40147	0
127	40147	0
127	40147	0
127	40147	0
131	40147	0
131	40147	0
131	40147	0
131	40147	0
131	40147	0
133	40147	0
133	40147	0
133	40147	0
135	40147	0
141	40147	0
141	40147	0
141	40147	0
157	40147	0
157	40147	0
158	40147	0
159	40147	0
159	40147	0
159	40147	0
159	40147	0
133	40148	0
133	40148	0
133	40148	0
141	40148	0
141	40148	0
141	40148	0
152	40148	0
156	40148	0
156	40148	0
156	40148	0
159	40148	0
159	40148	0
128	40149	0
129	40149	0
129	40149	0
129	40149	0
131	40149	0
131	40149	0
131	40149	0
143	40149	0
145	40149	0
153	40149	0
153	40149	0
153	40149	0
154	40149	0
164	40149	0
164	40149	0
147A	40149	0
147A	40149	0
131	40150	0
131	40150	0
131	40150	0
134	40150	0
135	40150	0
135	40150	0
135	40150	0
153	40150	0
153	40150	0
153	40150	0
154	40150	0
147A	40150	0
128	40151	6
129	40151	0
129	40151	0
129	40151	0
129	40151	0
134	40151	1
135	40151	1
135	40151	0
135	40151	1
137	40151	0
143	40151	0
145	40151	0
152	40151	0
156	40151	0
156	40151	0
157	40151	0
157	40151	0
158	40151	0
159	40151	0
159	40151	0
159	40151	0
159	40151	0
164	40151	0
128	40154	0
129	40154	0
129	40154	0
129	40154	0
134	40154	0
135	40154	0
135	40154	0
135	40154	0
141	40154	0
141	40154	0
141	40154	0
157	40154	0
157	40154	0
158	40154	0
159	40154	0
159	40154	0
159	40154	0
159	40154	0
164	40154	0
131	40156	0
131	40156	0
131	40156	0
143	40156	0
145	40156	0
152	40156	0
156	40156	0
156	40156	0
159	40156	0
159	40156	0
126	40157	0
127	40157	0
127	40157	0
127	40157	0
128	40157	0
129	40157	0
129	40157	0
129	40157	0
133	40157	0
133	40157	0
133	40157	0
153	40157	0
153	40157	0
153	40157	0
154	40157	0
131	40158	0
131	40158	0
131	40158	0
134	40158	0
135	40158	0
135	40158	0
135	40158	0
143	40158	0
145	40158	0
152	40158	0
156	40158	0
156	40158	0
164	40158	0
164	40158	0
147A	40158	0
147A	40158	0
131	40161	0
131	40161	0
131	40161	0
134	40161	0
135	40161	0
135	40161	0
135	40161	0
152	40161	0
156	40161	0
156	40161	0
147A	40161	0
147A	40161	0
128	40162	0
129	40162	1
129	40162	0
129	40162	0
134	40162	0
135	40162	0
135	40162	0
135	40162	0
141	40162	0
141	40162	0
141	40162	0
143	40162	0
145	40162	0
157	40162	0
157	40162	0
158	40162	0
159	40162	0
159	40162	0
159	40162	0
159	40162	0
133	40163	0
133	40163	0
133	40163	0
153	40163	0
153	40163	0
153	40163	0
154	40163	0
157	40163	0
157	40163	0
158	40163	0
159	40163	0
159	40163	0
159	40163	0
159	40163	0
147A	40163	0
147A	40163	0
143	40164	0
145	40164	0
128	40165	0
129	40165	0
129	40165	0
129	40165	0
133	40165	0
133	40165	0
133	40165	0
153	40165	0
153	40165	0
153	40165	0
154	40165	0
164	40165	0
133	40168	0
133	40168	0
133	40168	0
143	40168	0
145	40168	0
126	40169	0
127	40169	0
127	40169	0
127	40169	0
134	40169	0
135	40169	0
135	40169	0
135	40169	0
141	40169	1
141	40169	0
141	40169	0
143	40169	0
145	40169	0
164	40169	0
128	40170	0
129	40170	0
129	40170	0
129	40170	0
131	40170	0
131	40170	0
131	40170	0
157	40170	0
157	40170	0
158	40170	0
159	40170	0
159	40170	0
159	40170	0
159	40170	0
126	40176	0
127	40176	0
127	40176	0
127	40176	0
128	40176	0
129	40176	0
129	40176	0
129	40176	0
131	40176	0
131	40176	0
131	40176	0
133	40176	0
133	40176	0
133	40176	0
134	40176	0
135	40176	0
135	40176	0
135	40176	0
141	40176	0
141	40176	0
141	40176	0
143	40176	1
145	40176	0
157	40176	0
157	40176	0
158	40176	0
159	40176	0
159	40176	0
159	40176	0
159	40176	0
164	40176	0
147A	40176	0
159	40002	0
159	40002	0
		
		
		
