TP 
127
25
9
28
24
12
41
40
1014
251
58
7737
39
34
46
177
247
103
20
345
153
184
19
37
958
184
254
30
108
327
41
41
26
76
106
835
171
208
30
111
1007
324
2255
39
330
55
29
2
296
67
1
0
45
167
89
209
1223
348
334
365
27
15
12
45
34
13
18
425
152
0
1
90
1499
613
159
185
11
8
3
44
257
32
14
4
120
77
44
19
1037
287
180
77
336
1181
279
194
1121
392
169
118
558
60
52
7
29
43
69
161
16
7
16
35
761
406
307
103
15
36
29
32
105
31
3
31
89
65
9
96
2501
498
430
121
309
265
29
7
882
715
284
31
221
9
23
14
1167
719
168
348
580
59
44
1381
517
125
201
984
1624
187
71
322
553
75
27
55
235
40
308
191
108
28
8
478
38
7
52
31
4
4
59
1522
916
50
22
160
212
51
153
17
35
1161
384
1169
83
8
22
1161
384
1169
353
22
15
8
60
110
17
59
29
488
53
65
105
219
28
7
8
60
339
137
155
407
13
19
22
46
144
82
158
106
341
143
21
85
138
32
8
61
22
3
276
14
10
10
63
234
38
23
400
75
12
8
288
362
117
349
30
299
131
62
28
43
127
10
48
22
159
1123
217
196
18
106
309
31
7
99
16
9
253
19
8
37
31
30
98
24
4
5
130
277
9
59
79
16
9
360
78
9
1
75
12
406
209
18
19
183
23
108
82
16
27
394
179
165
52
152
130
44
44
651
6
21
33
184
852
12
52
314
27
25
2
337
