Count
15108
4555
4199
4156
3157
2214
2183
2065
2003
1775
1762
1749
1741
1739
1651
1647
1594
1522
1503
1395
1350
1233
1225
1196
1169
1168
1141
1129
1069
1039
1030
948
917
897
897
856
851
835
832
831
828
826
822
810
799
799
786
783
771
769
763
757
757
754
727
712
700
689
684
684
662
630
624
609
603
585
585
569
569
565
542
536
531
531
531
499
479
468
467
467
466
465
465
463
458
458
449
438
422
421
419
419
412
410
403
394
390
387
385
385
381
379
377
377
373
371
366
365
360
352
351
348
346
345
338
336
325
322
322
321
318
312
312
311
311
311
311
309
309
305
305
300
298
298
297
290
290
290
286
286
286
284
282
279
269
269
268
267
265
263
263
263
262
261
260
257
257
249
245
244
244
243
243
240
238
237
235
230
230
230
229
229
228
220
218
218
214
208
208
207
207
206
202
201
200
200
200
200
197
197
196
196
196
194
192
192
192
190
190
190
190
190
189
188
188
187
186
185
185
182
182
181
180
180
179
179
178
176
174
171
171
171
170
169
166
163
163
162
162
161
161
157
157
156
156
155
155
152
152
149
149
147
147
144
143
143
142
141
140
139
139
139
138
138
138
138
138
137
136
134
134
133
133
130
130
130
128
124
123
123
122
122
122
121
121
121
117
116
116
115
114
113
112
112
110
109
108
108
108
107
105
105
104
103
102
102
101
100
98
98
98
96
94
94
94
93
92
92
92
91
91
90
89
89
89
89
89
88
87
87
87
87
85
85
85
85
82
79
79
79
79
79
79
77
76
74
74
73
73
73
73
71
71
71
70
70
69
68
68
68
67
67
65
65
65
64
64
64
63
63
62
62
61
61
61
61
61
61
60
60
59
59
59
59
57
57
57
56
55
55
55
55
55
55
54
54
53
53
53
53
53
52
52
51
51
51
50
50
47
47
47
47
47
46
46
46
46
45
45
45
45
44
44
44
44
44
44
44
43
43
43
43
43
43
43
42
42
42
42
42
41
41
41
40
40
39
39
39
39
38
38
38
37
37
37
37
36
36
36
36
35
35
35
35
35
34
34
34
33
33
33
33
33
33
33
33
33
32
32
32
32
31
31
31
31
31
31
31
31
31
31
31
31
31
30
30
30
30
29
29
29
29
29
28
28
28
28
28
28
28
27
27
27
27
27
26
26
26
26
25
25
25
25
25
25
25
25
24
24
24
24
24
24
24
23
23
23
23
23
23
22
22
22
22
22
22
22
22
22
22
22
22
21
21
21
21
21
21
21
21
21
20
20
20
20
20
20
20
20
20
19
19
19
19
19
18
18
18
18
18
18
18
18
18
17
17
17
17
17
17
17
17
17
17
17
17
17
16
16
16
16
16
16
16
16
16
16
16
15
15
14
14
14
14
14
14
14
14
14
14
14
14
14
14
14
14
13
13
13
13
13
13
12
12
12
12
12
12
12
12
12
12
12
12
12
12
12
12
11
11
11
11
11
11
11
11
11
10
10
10
10
10
10
10
10
10
10
10
10
10
10
10
10
10
9
9
9
9
9
9
9
9
9
9
9
9
9
9
9
8
8
8
8
8
8
8
8
8
8
8
8
8
8
8
8
7
7
7
7
7
7
7
7
7
7
7
7
7
7
7
7
7
7
7
7
7
6
6
6
6
6
6
6
6
6
6
6
6
6
6
6
6
6
6
6
6
6
6
6
6
5
5
5
5
5
5
5
5
5
5
5
5
5
5
5
5
5
5
4
4
4
4
4
4
4
4
4
4
4
4
4
4
4
4
4
4
3
3
3
3
3
3
3
3
3
3
3
3
3
3
3
3
3
3
3
3
3
3
3
3
3
3
3
3
2
2
2
2
2
2
2
2
2
2
2
2
2
2
2
2
2
2
2
2
2
2
2
2
2
2
2
2
2
2
2
2
2
2
2
1
1
1
1
1
1
1
1
1
1
1
1
1
1
1
1
1
1
1
1
1
1
1
1
1
1
1
1
1
1
1
1
1
1
1
1
1
0
0
0
0
0
0
0
0
0
0
0
0
0
0
0
0
0
0
0
0
0
0
0
0
0
0
0
0
0
0
0
0
0
0
0
0
0
0
0
0
0
0
0
0
0
0
0
0
0
0
0
0
0
0
0
0
0
0
0
0
0
0
0
0
0
0
0
0
0
0
0
0
0
0
0
0
0
0
0
0
0
0
0
0
0
0
0
0
0
0
0
0
0
0
0
0
0
0
0
0
0
0
0
0
0
0
0
0
0
0
0
0
0
0
0
0
0
0
0
0
0
0
0
0
0
0
0
0
0
0
0
0
0
0
0
0
0
0
0
0
0
0
0
0
0
0
0
0
0
0
0
0
0
0
0
0
0
0
0
0
0
0
0
0
0
0
0
0
0
0
0
0
0
0
0
0
0
0
0
0
0
0
0
0
0
0
0
0
0
0
0
0
0
0
0
0
0
0
0
0
0
0
0
0
0
0
0
0
0
0
0
0
0
0
0
0
0
0
0
0
0
0
0
0
0
0
0
0
0
0
0
0
0
0
0
0
0
0
0
0
0
0
0
0
0
0
0
0
0
0
0
0
0
0
0
0
0
0
0
0
0
0
0
0
0
0
0
0
0
0
0
0
0
0
0
0
0
0
0
0
0
0
0
0
0
0
0
0
0
0
0
