TP
48
6
14
1148
72
74
19
234
98
82
113
65
121
51
118
2264
276
9
7
151
48
64
131
35
13
77
46
109
124
40
229
41
25
155
146
153
95
264
31
322
13
13
145
35
130
45
28
28
99
636
45
458
390
15
743
16
588
156
79
169
40
119
90
56
48
42
59
40
275
138
33
750
48
750
23
22
116
44
38
49
72
28
136
45
160
161
181
47
50
2
69
45
10
463
259
389
63
66
30
34
151
152
63
27
512
96
17
180
17
51
40
49
109
149
125
35
77
155
161
47
272
134
55
74
